0.558616
0.796604
0.552546
0.479439
0.483092
0.480430
0.488015
0.828187
0.418684
0.580423
0.705112
0.590656
0.598063
0.480978
0.542069
1.046785
1.049125
1.019540
0.734093
0.803358
0.974935
1.261960
1.105703
1.013612
1.117277
0.705566
1.322867
0.645294
0.611984
1.095148
1.001627
0.904103
0.520435
0.767395
1.851166
0.996492
0.815945
0.781301
0.575418
1.116993
0.904944
0.778402
1.590659
0.897771
0.717604
0.912738
0.684466
1.282122
0.978616
0.892141
0.908050
1.305703
1.030185
1.176770
0.436679
0.807049
1.190600
0.695394
0.839036
1.039712
0.833407
0.961897
0.887485
0.580365
2.057631
0.965409
1.528463
0.638619
0.799883
3.714484
0.915175
2.120467
1.720242
0.809370
1.397311
0.932634
0.585107
1.043833
1.138672
1.912561
1.010256
1.150512
1.313588
0.719239
0.954760
1.046847
2.882470
1.771894
0.718407
0.549769
0.472987
0.622572
0.990880
0.699071
1.606402
1.004422
1.119361
0.866307
0.958905
0.828595
0.643232
0.807721
1.734554
2.153833
2.181375
0.671589
0.494579
0.846232
2.116855
1.727113
0.590620
0.886171
2.235807
0.943508
0.807909
0.739780
0.813144
1.637140
0.723949
0.807129
0.747917
1.027669
0.571158
0.921866
1.539303
0.968627
0.954110
1.014747
0.842089
1.057599
0.919459
0.821526
0.775236
1.186529
0.893210
1.114083
0.865417
1.105824
0.815716
1.999256
1.924061
0.851819
1.246525
1.329147
1.072977
1.068716
0.479783
0.897388
0.865286
1.032262
0.627243
1.081001
0.804207
0.593361
2.974559
0.761826
1.083955
0.777816
1.201125
0.850088
0.961875
0.585819
0.834563
2.587452
0.735325
2.154803
1.210336
0.963603
1.144909
1.303054
0.911738
1.369564
0.773368
2.071551
0.808719
1.105096
0.639829
0.551490
0.497383
1.020072
0.924189
3.576290
1.888638
0.788552
1.970454
0.799826
0.947861
0.706230
0.705156
3.426448
2.398161
2.287232
0.593996
0.786520
1.223655
1.742868
0.992024
0.791961
1.011942
0.695218
0.411244
0.491318
0.508435
0.450280
0.598141
0.753220
0.577711
0.443866
0.680297
0.965726
0.778705
0.969860
0.705404
1.079879
1.014524
0.872443
0.890447
1.993550
1.082517
0.472302
0.451645
0.803261
0.403708
1.847918
0.767698
0.473199
0.757330
0.627411
0.427715
0.469411
0.642706
2.253926
0.853875
0.701871
0.754835
0.439787
0.474068
2.088979
0.681195
0.946380
0.761720
1.155624
1.293673
0.747871
0.972069
0.863805
1.087941
1.225262
1.158427
0.573819
1.679832
0.518593
2.569310
1.516733
0.724306
0.740848
2.378638
1.119421
1.155197
0.669689
0.442070
0.520428
0.914038
1.705705
0.830482
1.093633
0.610749
0.771956
0.502148
0.474212
42.136699
0.774245
1.468773
1.152597
0.849692
0.693229
1.182413
0.961263
0.601944
0.477559
0.739151
0.981175
0.717544
0.981186
1.178078
1.258832
1.199397
2.067263
0.929248
1.171814
0.757254
0.976247
0.872543
1.040646
1.486227
2.069436
1.116003
1.257338
1.433310
1.072997
1.137236
1.058229
0.422057
0.887544
1.515112
0.624801
2.124908
0.738765
0.717015
0.882339
0.605932
0.532989
1.047929
1.010356
42.559006
0.807141
1.925494
0.846584
0.891139
0.798415
0.879854
1.342569
2.760162
3.454122
0.966673
0.737918
1.057184
0.390129
0.509404
0.753928
0.792374
1.153599
0.775814
0.659546
1.428055
0.945267
0.924382
1.093745
1.098629
0.603866
0.659167
0.864074
2.506423
1.075652
2.685488
1.040823
1.020719
0.985824
1.180686
1.229986
1.360516
0.702313
0.985477
0.482117
1.016985
0.792163
0.744976
3.367324
4.399739
2.102361
0.814620
0.639467
0.701468
0.947110
1.157444
0.796231
1.152439
2.378866
0.915807
1.214494
0.916438
0.645902
0.438834
0.913843
1.039445
1.168814
0.779554
0.776400
0.695185
1.600599
1.121959
2.368558
1.938954
1.022458
1.642941
3.715531
2.768791
2.407032
2.254305
2.005596
2.450683
0.782373
1.982110
0.707586
2.076486
2.265109
1.504783
1.862088
0.947403
3.153346
1.443578
0.908581
0.697105
1.911788
0.729779
1.729348
1.452648
2.174311
5.683490
0.809945
0.784417
0.952018
1.788246
0.875802
0.788852
0.849258
0.710103
0.737417
2.139838
4.053340
1.848313
2.472774
0.779511
0.736237
0.833898
0.421154
3.489791
0.653475
0.460718
0.910768
0.379920
0.551775
0.858703
0.524331
0.588614
0.619754
0.430767
0.490915
0.401061
0.817473
0.559469
0.892588
1.185070
0.860030
41.939452
1.058019
0.795979
0.932244
0.445261
0.724523
2.097659
1.072895
0.832308
2.102407
0.846281
1.086091
0.955150
0.889814
1.147555
3.674381
2.763319
1.128429
2.113141
0.844159
1.181860
0.924135
0.857855
2.187755
1.055283
0.795122
1.625415
0.948419
0.626956
4.510445
2.022217
0.877955
1.158794
0.658021
0.491072
1.116609
0.912867
1.172480
1.007196
1.497215
0.780514
21.291132
1.083704
0.719796
1.439194
0.918771
1.904513
2.995852
0.989697
0.957803
1.270242
1.014966
3.019513
2.543134
1.541913
