0.000000
0.010309
0.001354
0.000167
0.000080
0.000122
0.000368
0.000208
0.000026
0.000163
0.000266
0.000240
0.000436
0.000387
0.000244
0.000663
0.000420
0.000518
0.000221
0.000371
0.000205
0.000162
0.000222
0.000858
0.000483
0.000209
0.001804
0.002293
0.001320
0.004729
0.004887
0.003695
0.000384
0.000710
0.000487
0.001529
0.000187
0.000575
0.001179
0.001276
0.000308
0.001161
0.000488
0.000274
0.000214
0.000201
0.000095
0.000279
0.000064
0.000039
0.000506
0.000951
0.000123
0.000402
0.000035
0.000229
0.000030
0.000234
0.000059
0.000476
0.000490
0.000680
0.000768
0.000306
0.000245
0.000787
0.000672
0.001482
0.000196
0.000078
0.000504
0.000472
0.000494
0.000429
0.000251
0.000325
0.000441
0.000635
0.000228
0.001441
0.000222
0.000197
0.000707
0.000152
0.000247
0.000375
0.001204
0.000756
0.001049
0.000192
0.000205
0.000321
0.000681
0.000774
0.000812
0.000319
0.001048
0.001007
0.000497
0.000193
0.000826
0.000917
0.000062
0.001064
0.000216
0.001803
0.001517
0.000285
0.001757
0.001163
0.001662
0.001370
0.002089
0.001777
0.004096
0.000361
0.001128
0.000621
0.001393
0.000977
0.001360
0.000674
0.000462
0.001088
0.001335
0.000494
0.000568
0.001111
0.000499
0.001632
0.001448
0.002439
0.000737
0.001810
0.003236
0.002906
0.001584
0.001266
0.003712
0.002513
0.002131
0.003232
0.002813
0.000422
0.000229
0.000761
0.000322
0.000333
0.000039
0.000545
0.000104
0.000187
0.000056
0.000322
0.000400
0.000193
0.000343
0.000340
0.000825
0.000240
0.000573
0.000394
0.000530
0.000213
0.000936
0.000288
0.000525
0.000279
0.000325
0.001615
0.000652
0.000327
0.000105
0.000601
0.000210
0.001366
0.000328
0.000300
0.000310
0.001120
0.000079
0.000276
0.000565
0.000436
0.000683
0.000950
0.001809
0.000789
0.000492
0.001185
0.002551
0.002700
0.002367
0.000764
0.000890
0.001588
0.002224
0.001890
0.000838
0.001189
0.001248
0.001896
0.001780
0.001541
0.001163
0.000907
0.000702
0.000759
0.000426
0.000600
0.000320
0.000115
0.000058
0.000467
0.000134
0.000250
0.000321
0.000131
0.000132
0.000351
0.000758
0.000392
0.000344
0.000199
0.000073
0.000352
0.000140
0.000415
0.000301
0.000529
0.000973
0.000216
0.000757
0.000746
0.000156
0.000908
0.000133
0.000496
0.000745
0.000729
0.000376
0.000158
0.000003
0.000065
0.000400
0.000261
0.000165
0.000114
0.000453
0.000159
0.000413
0.000239
0.000472
0.000226
0.000042
0.000103
0.000219
0.000636
0.000317
0.000657
0.000016
0.000746
0.000275
0.000043
0.000375
0.000314
0.000646
0.000241
0.000597
0.000207
0.000702
0.000274
0.000887
0.000241
0.000662
0.000406
0.000356
0.000183
0.000158
0.000684
0.000156
0.000521
0.000160
0.001062
0.000234
0.000576
0.000443
0.000061
0.000621
0.000086
0.000031
0.000071
0.000243
0.000367
0.000814
0.000594
0.000220
0.000363
0.000167
0.000270
0.000619
0.000169
0.000413
0.000472
0.000319
0.000207
0.000240
0.000571
0.000112
0.000321
0.000645
0.000537
0.000012
0.000463
0.000147
0.000168
0.000215
0.000177
0.000430
0.001067
0.000073
0.000868
0.000144
0.000057
0.000325
0.000102
0.000206
0.000463
0.000049
0.000321
0.000093
0.000335
0.000188
0.000292
0.000165
0.000278
0.000234
0.000358
0.000566
0.000090
0.000315
0.000096
0.000430
0.000090
0.000676
0.000191
0.000080
0.000239
0.000515
0.000485
0.000153
0.000619
0.000376
0.000052
0.000143
0.000143
0.000179
0.000088
0.000538
0.000015
0.000473
0.000271
0.000027
0.000246
0.000533
0.000316
0.000328
0.000200
0.000258
0.000386
0.000420
0.000725
0.000135
0.000126
0.000378
0.000103
0.000443
0.000105
0.001818
0.000370
0.000040
0.000344
0.000302
0.000311
0.000240
0.000549
0.000515
0.000578
0.000340
0.000191
0.000018
0.000168
0.000723
0.000837
0.000174
0.000359
0.000448
0.000687
0.000105
0.001087
0.000037
0.000167
0.000152
0.000504
0.000296
0.000172
0.000552
0.000415
0.000313
0.000142
0.000593
0.000081
0.000391
0.000081
0.000431
0.000214
0.000147
0.000020
0.000836
0.000119
0.000186
0.000210
0.000667
0.000276
0.000169
0.000200
0.000558
0.000139
0.000358
0.000451
0.000528
0.000372
0.000402
0.000150
0.000697
0.000676
0.001040
0.000407
0.000233
0.000786
0.000184
0.000260
0.000107
0.000117
0.000174
0.000098
0.000153
0.000395
0.000437
0.000592
0.000229
0.000331
0.000190
0.000150
0.000270
0.000129
0.000094
0.000298
0.000081
0.000065
0.000442
0.000380
0.000235
0.000435
0.000322
0.000423
0.000555
0.000119
0.000027
0.001079
0.000451
0.000175
0.000127
0.000262
0.000309
0.000726
0.000610
0.000257
0.000357
0.000419
0.000387
0.000047
0.000257
0.000101
0.000676
0.000540
0.000175
0.000156
0.000340
0.000294
0.000620
0.000035
0.000099
0.000985
0.000471
0.000681
0.000152
0.000039
0.000411
0.000111
