0.545659
0.903088
0.766492
0.694260
0.758155
0.646460
0.633473
0.613050
0.507350
1.552913
0.415969
0.886514
0.655661
0.343973
0.540041
0.342094
0.378709
0.519477
0.341275
0.492415
0.379016
0.342280
0.783833
0.482013
0.806848
0.391377
0.560809
0.486421
0.342523
0.677360
0.756755
0.493507
0.786258
0.570518
0.316757
0.420687
0.343660
0.406663
0.393360
0.421580
0.341925
0.344429
0.356184
0.473841
0.399569
0.410060
0.423519
0.472441
0.457705
0.582578
0.343060
0.347567
0.346262
0.344165
0.356614
0.386154
0.515477
0.480766
0.460514
0.344609
0.344512
0.345992
0.519145
0.774813
0.950619
0.786691
0.382252
0.665970
0.344831
0.363923
0.362102
0.384354
0.381613
0.347345
0.456356
0.561118
0.525945
0.981782
0.961446
0.561135
0.751199
0.635325
1.149221
0.654219
0.423366
0.346496
0.518486
0.820054
0.617464
0.349554
0.346864
0.349279
0.407443
0.422446
0.521581
0.459336
0.460057
0.448284
0.539656
0.554431
0.447521
0.335648
0.384191
0.436682
0.398255
0.350256
0.350026
0.464099
0.784286
0.491738
0.493937
0.581939
0.352924
0.392239
0.375876
0.470167
0.359616
0.433186
0.405152
0.618190
0.540209
0.415069
0.321607
0.275558
0.417273
0.356042
0.355211
0.312322
0.351819
0.352384
0.349507
0.357933
0.389534
0.402170
0.658771
1.995973
0.621471
0.628604
0.779819
0.406093
0.650809
0.373221
0.716757
0.581401
0.312128
0.712032
0.464931
0.739784
0.347800
0.570035
0.391260
0.403919
0.654992
0.744102
0.451258
0.573172
1.106876
1.084136
0.503698
0.772283
0.654598
0.314849
0.574080
0.395364
0.408972
0.498896
0.616341
0.625945
0.446936
0.832335
1.103523
0.441301
0.532589
0.350898
0.550596
0.724537
0.391206
0.317442
0.394462
0.707200
0.430075
0.674364
0.390616
0.432148
0.500436
0.792896
0.443700
0.370909
0.498519
0.420557
0.386013
0.548428
0.625819
0.512942
0.356727
1.681027
0.414087
0.455510
0.478721
0.467959
0.715036
0.657859
0.815313
0.768729
0.593879
0.599869
0.495567
0.889187
0.548551
0.406865
0.451786
0.430632
0.352122
0.410069
0.408544
0.921512
0.508695
0.739006
0.439115
0.358591
0.397158
0.474628
0.491338
1.976725
0.396490
0.700326
0.423430
0.514987
1.013841
0.717251
0.725486
3.761419
0.835214
0.515880
0.749531
0.550997
1.023349
1.181774
0.996700
0.781986
0.917724
0.408558
0.407346
1.856563
0.487299
0.538967
0.601718
0.520463
0.420330
0.404659
0.416963
0.482594
0.384092
0.513679
1.010631
0.965245
0.757673
1.495800
0.879690
0.551563
0.491230
0.473210
0.756975
0.518843
1.124257
0.587395
0.701784
0.603740
1.517388
0.768732
0.396659
0.384546
0.545686
0.359501
0.361507
0.391457
0.399075
0.334718
0.400631
0.336953
0.383731
1.678892
0.590268
2.002019
0.479042
0.374412
0.446825
0.416800
0.420831
0.406913
0.664475
0.415250
0.373184
0.374896
0.426289
0.398740
0.607818
0.510424
0.502734
0.394453
0.676378
0.994236
0.439146
0.571251
0.437894
0.490684
0.410104
0.498249
0.381243
0.457195
0.446792
0.501255
0.767105
0.460028
0.514846
0.564759
0.640044
0.399260
0.419668
0.455836
0.352827
0.378791
0.377108
0.405630
0.336614
0.422382
0.340091
0.379169
0.338404
0.374088
0.381490
0.375435
0.402526
0.477511
0.394862
0.391379
0.506947
0.466801
0.365093
0.408299
0.376282
0.364973
0.380966
0.383864
0.365664
0.354794
0.389866
0.438204
0.375939
0.421945
0.480070
0.383117
0.376874
1.008153
0.400222
0.384200
0.820470
0.720338
0.617737
0.816912
0.443324
0.544979
0.419487
0.484297
0.753068
0.424379
0.496337
0.556309
0.593685
0.422879
0.440092
0.420551
0.978492
0.472386
0.440815
0.378243
0.538285
0.333762
0.506701
0.374775
0.724320
0.347248
0.813542
0.440980
0.338346
0.506947
0.420649
0.728725
0.380918
0.346882
0.363065
0.486557
0.570110
0.486536
0.459274
0.465637
0.517870
0.990742
0.819050
0.437272
0.460340
0.704686
0.514359
0.421619
0.988709
0.432106
0.384343
0.432682
0.418601
0.622285
0.522745
0.837645
0.467905
0.517525
0.570614
0.804903
1.968430
1.255154
0.759224
1.046863
0.406501
0.393324
0.398512
0.446216
0.493584
0.408622
0.405651
0.414854
0.405550
0.404144
0.436457
0.406793
0.405183
0.435255
0.442317
0.472695
0.595100
0.459382
0.459421
0.409182
0.464198
0.453352
0.514226
0.411656
2.004799
0.312313
0.398899
0.447294
0.488426
0.564365
0.529337
0.421989
0.387295
0.541954
0.587727
0.383546
0.760404
0.486499
0.395238
0.535393
0.478850
0.571569
0.499107
0.475854
0.616056
0.429387
0.621559
0.721526
0.424535
0.503568
0.476793
0.582754
0.476656
0.823987
0.411340
0.408278
0.432307
0.460618
0.428834
0.473872
0.562148
0.410675
0.506874
0.633746
0.488331
0.504588
0.462775
0.536222
0.435775
0.674363
0.408617
0.744646
0.502027
0.501496
0.451254
0.383580
0.382138
0.408707
0.475801
