0.000335
0.000295
0.000910
0.000820
0.002387
0.006126
0.011092
0.015398
0.022952
0.035055
0.042151
0.053878
0.066245
0.074095
0.089141
0.105603
0.112152
0.119382
0.123755
0.135369
0.153978
0.173615
0.194073
0.214088
0.244551
0.270371
0.300112
0.324199
0.344322
0.371018
0.389443
0.411491
0.451000
0.490542
0.516759
0.554688
0.595985
0.637548
0.670904
0.716623
0.755478
0.801991
0.846855
0.888352
0.941575
0.991809
1.044636
1.105170
1.151472
1.214345
1.277639
1.331008
1.344291
1.344508
1.292597
1.234649
1.180879
1.123266
1.066798
1.022715
0.971533
0.922670
0.872960
0.825755
0.783837
0.737897
0.695666
0.656763
0.615966
0.597641
0.608146
0.626816
0.657290
0.695120
0.730103
0.772717
0.817502
0.847862
0.882658
0.923392
0.962118
1.010526
1.051833
1.106207
1.154841
1.209975
1.256837
1.301354
1.325369
1.308351
1.253349
1.194910
1.145419
1.090191
1.033682
0.976764
0.927140
0.881879
0.830365
0.786815
0.737812
0.695627
0.650857
0.632427
0.601767
0.587543
0.610219
0.639277
0.672419
0.704166
0.741526
0.783520
0.820957
0.868195
0.915487
0.963554
1.001146
1.049014
1.084934
1.135089
1.190310
1.245585
1.306405
1.362666
1.406148
1.471492
1.527722
1.597288
1.667868
1.718009
1.759980
1.823802
1.884671
1.947007
2.004842
2.039808
2.107677
2.182249
2.252500
2.327050
2.398979
2.476355
2.542021
2.615799
2.694255
2.771233
2.786752
2.750103
2.668064
2.596052
2.523771
2.442820
2.371410
2.300432
2.234325
2.190998
2.146298
2.116631
2.076885
2.051294
2.009366
1.947849
1.880607
1.822363
1.751878
1.707037
1.660616
1.608592
1.562192
1.517902
1.468294
1.421832
1.357730
1.320544
1.313162
1.294650
1.247568
1.194883
1.161285
1.124656
1.099447
1.084088
1.056925
1.030013
1.021118
0.988539
1.007400
1.055340
1.104217
1.153363
1.188350
1.217215
1.215770
1.203758
1.196214
1.163284
1.164857
1.169913
1.206447
1.242786
1.257948
1.221279
1.167140
1.122869
1.108884
1.112123
1.072006
1.015437
0.968709
0.922119
0.871324
0.826289
0.782264
0.744225
0.711289
0.670145
0.636778
0.589208
0.550001
0.516086
0.503822
0.513056
0.484954
0.444881
0.403218
0.381691
0.346726
0.325714
0.291930
0.268049
0.247370
0.245609
0.258086
0.285151
0.310370
0.344600
0.363923
0.361339
0.380074
0.397229
0.418122
0.440048
0.460657
0.486259
0.509164
0.529069
0.559682
0.590443
0.623034
0.662760
0.706887
0.739461
0.780079
0.801516
0.839749
0.878891
0.898866
0.944622
0.991125
0.989228
0.956549
0.906166
0.862603
0.830072
0.776658
0.742371
0.735398
0.759664
0.807424
0.847504
0.895943
0.928890
0.987445
1.035548
1.081040
1.130174
1.188530
1.231416
1.292539
1.327560
1.334825
1.336268
1.346783
1.366236
1.382778
1.419288
1.444082
1.474690
1.498215
1.519375
1.518319
1.542894
1.577748
1.609850
1.643126
1.635719
1.679605
1.713286
1.756634
1.798828
1.847876
1.889914
1.866096
1.806194
1.738755
1.704409
1.721874
1.781337
1.856218
1.871278
1.872187
1.939100
2.006123
2.067631
2.153218
2.220160
2.298194
2.365627
2.432763
2.496894
2.574310
2.640136
2.699213
2.745250
2.844391
2.876829
2.885941
2.831531
2.743471
2.658663
2.572152
2.491944
2.408202
2.321129
2.241728
2.161254
2.084131
2.013877
1.936560
1.905408
1.904555
1.951601
2.022543
2.104328
2.179780
2.260369
2.327887
2.406949
2.485501
2.569398
2.649949
2.671796
2.653491
2.580569
2.485047
2.401927
2.323670
2.242172
2.200078
2.138293
2.108760
2.143977
2.224576
2.300096
2.362594
2.431833
2.511343
2.580498
2.647661
2.727926
2.738422
2.703406
2.616614
2.534857
2.455110
2.371333
2.291814
2.206116
2.135031
2.061715
1.989442
1.913682
1.860003
1.791955
1.720858
1.658589
1.588392
1.519143
1.459374
1.408460
1.360675
1.311427
1.253983
1.194937
1.165898
1.128716
1.084468
1.050836
0.997334
0.946608
0.891885
0.846369
0.794139
0.750359
0.705906
0.660363
0.623457
0.580111
0.553166
0.510290
0.474838
0.437730
0.405019
0.369049
0.340047
0.307145
0.276606
0.247919
0.230015
0.209820
0.197937
0.170901
0.157219
0.134437
0.115243
0.095515
0.085325
0.070992
0.058961
0.046212
0.037401
0.028739
0.020402
0.017259
0.010097
0.008466
0.011012
0.017257
0.024900
0.033619
0.045194
0.056021
0.070531
0.085168
0.100150
0.116631
0.136889
0.156577
0.180315
0.203108
0.226997
0.256425
0.281415
0.309221
0.337191
0.373455
0.407138
0.442691
0.478862
0.515698
0.539954
0.581698
0.608197
0.651554
0.690366
0.733081
0.783389
0.828056
0.881345
0.929676
0.976933
1.030730
1.080970
1.115921
1.168529
1.231072
1.284775
1.343179
1.403058
1.471001
1.534211
1.595572
1.674210
1.739783
1.807106
1.881287
1.959331
2.032511
2.107292
2.182369
2.242252
2.326924
2.407661
2.494938
2.576592
2.658658
2.750355
2.796046
2.879288
