0.116096
0.100803
0.083225
0.087202
0.094081
0.084148
0.087085
0.086370
0.088257
0.082626
0.075623
0.075915
0.076217
0.102207
0.076681
0.076102
0.076392
0.076834
0.102001
0.096886
0.126622
0.117125
0.122335
0.125238
0.081958
0.080665
0.081125
0.085309
0.083340
0.089775
0.133299
0.152504
0.169096
0.174032
0.171017
0.147589
0.090941
0.092781
0.136723
0.166286
0.166316
0.171238
0.164430
0.180360
0.189706
0.178707
0.182627
0.207111
0.189608
0.202939
0.203834
0.223969
0.208097
0.227322
0.246276
0.244669
0.243080
0.251071
0.252591
0.240876
0.268471
0.266922
0.294474
0.372872
0.423743
0.429375
0.447779
0.461031
0.418169
0.431905
0.448221
0.452745
0.465191
0.420270
0.421342
0.396612
0.448230
0.419056
0.471898
0.440209
0.574410
0.597991
0.580745
0.692720
0.764686
0.642738
0.700914
0.750850
0.750311
0.784325
0.792349
0.742318
0.649770
0.697350
0.799629
0.827266
0.824252
0.942539
0.964729
0.893250
0.869476
1.022028
0.946828
0.950068
1.078723
1.103859
0.987592
1.025815
2.306145
2.368934
2.484928
2.254833
2.276299
2.656184
2.753479
2.784775
2.838055
3.205283
3.281737
3.011115
3.117958
3.228367
2.851991
3.286816
3.385067
3.472621
3.960579
4.595792
3.744596
3.826859
3.851636
3.915967
4.023669
4.116660
4.199062
4.261840
4.620368
5.079251
5.084262
5.174597
5.270563
5.228191
5.539623
5.968455
5.523598
6.189142
5.692059
5.176850
6.039296
6.081428
5.633147
5.742025
5.805868
5.252985
6.128969
6.309196
7.159941
7.195598
7.284967
7.470739
7.856532
8.804375
8.735910
8.220850
8.247538
8.576869
8.548012
7.775817
7.851981
7.009423
7.131687
7.275049
6.243741
7.501220
7.571250
7.764905
7.888604
8.096062
8.172782
8.365273
8.597559
7.414993
8.902983
7.915249
7.896936
9.196956
9.530022
10.862716
9.964939
10.508197
8.876595
9.321455
9.589165
9.498226
10.628595
10.742657
8.400669
14.035746
13.768677
14.704826
13.982912
13.944297
14.329925
14.463928
13.650851
13.106804
17.164009
18.529448
17.095770
18.213139
18.734378
14.577879
14.804421
14.949870
15.193176
15.665717
15.892363
14.149123
16.341768
18.974670
19.424281
19.703483
20.225468
17.950108
20.513592
18.410686
24.216226
26.699536
24.785557
24.920297
19.471822
22.635226
22.869578
17.386933
23.374508
23.910281
24.051757
24.362590
22.910609
21.974358
22.173741
22.732760
22.753567
23.093232
26.522513
27.278475
127.344844
24.741982
28.766755
28.930365
32.908088
33.478224
26.409060
30.274163
31.844303
31.567877
31.415156
31.719728
32.105041
32.710401
33.207737
33.384973
34.860504
34.590753
34.548409
35.166239
34.554303
40.153008
41.383354
33.547465
32.221785
38.775021
37.610977
37.710579
38.113191
38.479405
38.791742
39.369317
39.661362
39.960886
40.284112
40.812620
41.464328
41.575008
37.144603
37.465711
43.014584
44.648197
52.399268
42.470711
51.281776
53.673701
45.801430
46.120382
40.871913
41.230864
35.697335
48.377548
42.602581
43.010015
49.615458
50.157872
50.842937
50.963156
51.256407
52.084659
52.506529
49.831272
46.801732
54.196256
54.644589
54.992060
55.612689
66.268004
44.725948
44.933660
60.188445
68.383678
76.538436
77.407364
70.352135
71.267599
72.170255
64.761234
65.473782
57.795654
75.039608
67.179527
67.794570
42.897796
53.384786
62.374455
61.989306
62.485325
64.858572
45.950744
72.951872
82.436727
92.065338
83.996640
84.288866
85.167051
86.380155
86.959717
87.090380
98.366089
89.713256
94.199878
87.383364
93.035172
81.357673
92.071938
83.304437
84.391237
85.907381
89.084283
75.294736
53.990090
87.022165
87.605963
88.414899
78.935851
101.922140
102.455496
103.263880
104.215785
104.179759
105.529111
105.862141
106.836467
108.275229
108.470106
96.259373
113.751634
111.378489
99.580858
100.155138
100.935823
102.941597
103.941092
90.845685
91.928548
92.112936
106.297970
94.012376
107.995774
108.951096
123.550814
125.095859
129.661144
127.222093
128.634023
129.179920
115.584391
130.575303
132.204061
119.403802
119.437269
120.244825
105.842394
107.862317
122.986543
123.739580
127.329866
123.896440
110.762130
127.745293
128.563452
129.043977
97.293071
148.475784
149.226172
150.173251
151.824354
152.348667
154.786225
157.944495
156.120533
157.239741
158.373929
142.408231
161.083203
162.931664
162.804899
145.597126
147.157228
148.456843
151.471041
150.783062
95.041847
152.697114
154.051607
134.916582
155.127249
155.965509
177.143282
177.868175
179.848882
180.709894
184.203423
183.767191
185.432216
228.794835
209.007902
168.575310
170.572190
170.167297
153.752075
178.581089
174.058228
175.496528
176.598296
178.891031
180.222507
181.205453
182.353280
160.867007
185.123795
189.065900
211.979277
237.321543
214.682995
216.261616
217.719672
219.485425
196.193995
224.208504
248.357897
198.551961
201.662628
228.288652
127.811766
204.896518
206.931891
208.134500
212.819948
210.637120
186.051265
215.159312
220.239605
215.753088
163.385852
245.875714
249.381617
277.688398
279.592049
252.629221
253.349652
254.482901
255.992065
261.270064
261.478734
233.081086
263.848776
264.704330
266.659346
238.242972
241.715875
239.010944
