0.008116
0.004246
0.003395
0.002569
0.006413
0.008123
0.005241
0.001786
0.001717
0.001986
0.001689
0.001587
0.001555
0.001642
0.001556
0.005326
0.002435
0.001745
0.001703
0.001871
0.004692
0.001850
0.001767
0.001759
0.002082
0.001875
0.002008
0.001837
0.001711
0.001746
0.001853
0.002054
0.002057
0.002053
0.001921
0.002174
0.001761
0.001822
0.001963
0.001966
0.001989
0.002148
0.002216
0.002215
0.003008
0.002021
0.002083
0.002501
0.002031
0.002031
0.002138
0.001947
0.001801
0.001878
0.001928
0.001916
0.002093
0.002064
0.002035
0.002106
0.002563
0.006961
0.002080
0.002141
0.002922
0.002528
0.002713
0.001956
0.002500
0.002767
0.002276
0.002585
0.002708
0.001812
0.002515
0.003691
0.002430
0.002122
0.002730
0.002808
0.002838
0.002501
0.002750
0.002227
0.002384
0.002689
0.002033
0.003202
0.002097
0.002600
0.002161
0.002069
0.002119
0.002496
0.002226
0.002315
0.002479
0.003099
0.002751
0.002296
0.002690
0.002761
0.002804
0.002752
0.002391
0.002227
0.002475
0.001780
0.001967
0.002542
0.002026
0.002786
0.002088
0.002400
0.003238
0.002611
0.002693
0.002719
0.002991
0.002179
0.002759
0.002215
0.002812
0.002840
0.002281
0.002834
0.002411
0.002725
0.002205
0.002356
0.002836
0.004309
0.002404
0.002811
0.003214
0.002997
0.002475
0.002478
0.002310
0.002530
0.002227
0.002434
0.002495
0.002301
0.002482
0.002791
0.002524
0.002832
0.002784
0.002775
0.005029
0.002076
0.002363
0.002238
0.002354
0.002959
0.002410
0.002544
0.002943
0.003303
0.003534
0.002808
0.004119
0.002668
0.002369
0.002686
0.002405
0.002572
0.002410
0.002216
0.002788
0.002749
0.003211
0.003002
0.002452
0.002488
0.002323
0.003073
0.002573
0.002426
0.002029
0.001883
0.002526
0.002027
0.001599
0.002635
0.002214
0.002162
0.002082
0.002117
0.002387
0.002780
0.002652
0.002326
0.002623
0.002195
0.002512
0.002936
0.002253
0.002904
0.002235
0.002130
0.001998
0.001589
0.002067
0.001822
0.002508
0.001903
0.001912
0.002386
0.003461
0.003729
0.002290
0.002244
0.002108
0.002151
0.002689
0.002404
0.002418
0.001997
0.002258
0.002619
0.002405
0.001994
0.002049
0.002404
0.001890
0.001923
0.002508
0.002204
0.002061
0.002498
0.002213
0.001936
0.002628
0.001964
0.002518
0.002046
0.002788
0.002699
0.002129
0.002440
0.002197
0.002663
0.002448
0.002905
0.003404
0.002247
0.002915
0.002289
0.002420
0.002407
0.002447
0.003171
0.003454
0.002652
0.002679
0.002695
0.003158
0.003385
0.003146
0.003744
0.003968
0.003022
0.002800
0.003174
0.002797
0.003193
0.003127
0.003258
0.002508
0.002677
0.002788
0.006173
0.007818
0.002806
0.003131
0.003075
0.003227
0.003097
0.002767
0.003524
0.002878
0.002977
0.003488
0.002954
0.003267
0.002796
0.002600
0.002702
0.002992
0.002557
0.003350
0.002699
0.002703
0.002332
0.002370
0.002417
0.003457
0.002608
0.002745
0.002392
0.004014
0.002784
0.002459
0.002681
0.002552
0.002675
0.002323
0.002482
0.002774
0.002809
0.002826
0.002659
0.003461
0.003090
0.003403
0.003316
0.003416
0.002560
0.002620
0.002775
0.003398
0.003411
0.003332
0.004535
0.003183
0.003128
0.003102
0.003305
0.003322
0.003048
0.003293
0.003269
0.003250
0.003326
0.003745
0.003678
0.003838
0.003569
0.004021
0.003190
0.003083
0.003293
0.002819
0.003510
0.003459
0.003090
0.002937
0.003436
0.003052
0.003051
0.003314
0.003258
0.003045
0.002976
0.003453
0.003708
0.002882
0.003033
0.003386
0.002862
0.002815
0.003321
0.003173
0.003174
0.002964
0.003219
0.002975
0.003114
0.003341
0.002867
0.003072
0.003004
0.003217
0.003248
0.003261
0.002739
0.002749
0.003236
0.003489
0.006258
0.003317
0.003265
0.003326
0.004015
0.002846
0.003051
0.003158
0.002911
0.002915
0.003488
0.003828
0.003526
0.003562
0.003623
0.003400
0.003605
0.003654
0.003175
0.003350
0.003196
0.003550
0.004098
0.002968
0.003008
0.003025
0.003062
0.003299
0.003480
0.003029
0.002965
0.002929
0.003190
0.002722
0.003644
0.003779
0.003560
0.002847
0.002943
0.003899
0.003047
0.003197
0.003223
0.002496
0.002332
0.002395
0.002178
0.001996
0.002083
0.002158
0.002726
0.002627
0.003490
0.003037
0.002447
0.002426
0.002279
0.002214
0.002500
0.002378
0.002423
0.002721
0.002337
0.002374
0.002268
0.002686
0.002603
0.002927
0.005305
0.004169
0.002546
0.002402
0.002253
0.002423
0.002351
0.002384
0.002355
0.002352
0.002373
0.002111
0.002459
0.002828
0.002603
0.002747
0.002697
0.002455
0.002054
0.002477
0.002373
0.002573
0.002426
0.003030
0.002813
0.002542
0.002240
0.002369
0.002723
0.002775
0.002449
0.002259
0.002718
0.002324
0.002322
0.002426
0.002314
0.002468
0.002663
0.002890
0.002922
0.002746
0.002547
0.002612
0.002658
0.002708
0.002171
0.002553
0.002409
0.002430
