0.005870
0.002875
0.002513
0.002719
0.007399
0.001832
0.001340
0.003914
0.002254
0.001613
0.001700
0.001511
0.001550
0.001519
0.001509
0.001526
0.001515
0.001541
0.001675
0.001479
0.001456
0.002028
0.001502
0.002249
0.001605
0.001520
0.001612
0.001359
0.001348
0.001337
0.004300
0.003551
0.001680
0.001995
0.001667
0.001530
0.001647
0.001703
0.001932
0.001865
0.001914
0.001756
0.003144
0.001610
0.001713
0.001654
0.001740
0.001692
0.001687
0.001631
0.001613
0.001605
0.001613
0.001607
0.001660
0.001754
0.001764
0.001740
0.001730
0.001623
0.001562
0.001635
0.001707
0.001630
0.001665
0.001730
0.001529
0.001662
0.001636
0.001574
0.001647
0.001610
0.001606
0.001714
0.001698
0.004478
0.002005
0.001914
0.001923
0.001682
0.001696
0.001750
0.001715
0.001751
0.001616
0.001675
0.001725
0.001796
0.001789
0.001687
0.001692
0.001607
0.001568
0.001694
0.001638
0.001604
0.001732
0.001689
0.001698
0.001619
0.001729
0.001627
0.001652
0.001586
0.001742
0.001721
0.001706
0.001754
0.002236
0.002283
0.001955
0.001859
0.002420
0.001730
0.001950
0.002402
0.001622
0.001786
0.002429
0.002222
0.002592
0.002533
0.001803
0.002434
0.002434
0.001767
0.002452
0.001712
0.002403
0.001764
0.002323
0.001789
0.002369
0.002548
0.002628
0.002004
0.002609
0.002439
0.002729
0.002506
0.002200
0.001984
0.002599
0.002014
0.002145
0.002027
0.001963
0.002259
0.002113
0.002509
0.002292
0.002339
0.002203
0.002611
0.002579
0.002711
0.002018
0.002283
0.002785
0.002611
0.002780
0.001778
0.002601
0.002286
0.002436
0.002027
0.003304
0.002532
0.002080
0.002097
0.002529
0.002093
0.004109
0.002244
0.003430
0.001713
0.002150
0.001677
0.002627
0.001778
0.002278
0.003559
0.002411
0.001664
0.002133
0.005437
0.001799
0.001709
0.001673
0.001636
0.002412
0.002474
0.001738
0.002310
0.002044
0.002434
0.001926
0.001745
0.002276
0.002305
0.001770
0.001895
0.001935
0.002406
0.001934
0.002794
0.002382
0.002387
0.001835
0.001563
0.001538
0.002194
0.001724
0.001503
0.002159
0.001624
0.002313
0.001649
0.002258
0.001497
0.001597
0.001952
0.001524
0.001849
0.001571
0.002735
0.002857
0.001970
0.002852
0.002201
0.001860
0.001784
0.003132
0.002166
0.002357
0.002139
0.002502
0.002773
0.003426
0.002706
0.002806
0.003001
0.002033
0.001974
0.002767
0.002517
0.002292
0.001975
0.002769
0.002858
0.002763
0.001897
0.002239
0.002347
0.002986
0.002518
0.002505
0.002257
0.002968
0.002722
0.002760
0.002228
0.002986
0.002148
0.003165
0.002742
0.002073
0.002794
0.002436
0.002572
0.002217
0.002490
0.002346
0.002664
0.002586
0.002167
0.002298
0.002220
0.002649
0.002210
0.001860
0.002214
0.002071
0.002756
0.002179
0.002023
0.001902
0.002522
0.003237
0.002541
0.002161
0.002210
0.002093
0.002403
0.003313
0.002084
0.002875
0.003030
0.002197
0.002755
0.002372
0.002988
0.002175
0.002309
0.002274
0.002715
0.002893
0.003079
0.002350
0.002448
0.002164
0.008575
0.002420
0.002880
0.002371
0.005263
0.002304
0.002003
0.002822
0.002632
0.002166
0.002739
0.002718
0.002253
0.002207
0.002133
0.002117
0.002172
0.002809
0.002706
0.001949
0.002334
0.002654
0.002607
0.002366
0.002483
0.002014
0.001706
0.001801
0.001714
0.002047
0.002586
0.002687
0.002910
0.001943
0.002147
0.002014
0.002482
0.002754
0.002883
0.002767
0.002572
0.002729
0.002208
0.002069
0.003011
0.002275
0.003014
0.002771
0.003004
0.002999
0.002871
0.002396
0.002569
0.002885
0.002681
0.003133
0.002514
0.002663
0.003127
0.003125
0.002121
0.002966
0.002827
0.001915
0.002276
0.002402
0.002022
0.001863
0.002021
0.001926
0.002622
0.001734
0.001931
0.002042
0.002223
0.001945
0.002261
0.001699
0.001651
0.001640
0.002675
0.002384
0.002580
0.002803
0.002651
0.002646
0.003080
0.003106
0.002353
0.003846
0.002700
0.002122
0.002342
0.002081
0.001793
0.001801
0.006726
0.004000
0.002309
0.002725
0.002499
0.001780
0.002032
0.002666
0.002652
0.002909
0.002700
0.002247
0.002150
0.002605
0.002168
0.002360
0.002087
0.002286
0.001827
0.001558
0.002686
0.001939
0.001887
0.002137
0.002217
0.002276
0.002320
0.002553
0.002204
0.001998
0.001960
0.002426
0.001809
0.002255
0.001846
0.002402
0.001959
0.001837
0.002544
0.002491
0.002694
0.002165
0.003525
0.002357
0.002399
0.003005
0.002741
0.002640
0.002455
0.002655
0.002237
0.002567
0.002122
0.002021
0.002202
0.002213
0.002738
0.002124
0.002823
0.002813
0.002811
0.002718
0.003029
0.002879
0.002570
0.002592
0.002480
0.002809
0.002318
0.002502
0.002791
0.002557
0.002623
0.002992
0.002656
0.003206
0.002900
0.002619
0.002585
0.002303
0.002184
0.002772
0.002612
0.002009
0.002551
0.002227
0.002748
0.002138
0.002445
0.002004
0.001882
0.002340
