0.007148
0.005026
0.012726
0.004508
0.007758
0.002396
0.001365
0.001635
0.002822
0.003738
0.001240
0.001165
0.003573
0.001231
0.001225
0.001290
0.001695
0.001228
0.001226
0.001438
0.003698
0.004714
0.003363
0.003463
0.001386
0.001340
0.001483
0.001714
0.001661
0.001181
0.003027
0.005282
0.004067
0.002796
0.002369
0.001798
0.005316
0.001933
0.001932
0.001865
0.001867
0.001889
0.001941
0.002008
0.002197
0.002129
0.002157
0.002172
0.002166
0.002161
0.002141
0.003420
0.004120
0.002103
0.002166
0.002208
0.002980
0.001995
0.001896
0.002007
0.003262
0.002009
0.003434
0.003974
0.001648
0.001724
0.001824
0.002027
0.002375
0.002336
0.002599
0.002811
0.002309
0.002159
0.002568
0.002829
0.002817
0.003036
0.007185
0.003158
0.003252
0.003309
0.003059
0.003282
0.003288
0.003465
0.003073
0.003185
0.003165
0.002877
0.003107
0.003017
0.002737
0.003011
0.002648
0.002597
0.002624
0.002670
0.002937
0.003002
0.002503
0.004878
0.003498
0.003215
0.002950
0.002997
0.003218
0.003123
0.003100
0.006404
0.004176
0.003070
0.003504
0.002677
0.002675
0.002521
0.002759
0.003102
0.002433
0.002391
0.002367
0.002562
0.002891
0.003018
0.005190
0.002841
0.002471
0.002482
0.003062
0.002880
0.002845
0.002547
0.003986
0.004600
0.002605
0.002671
0.002369
0.002351
0.002662
0.002666
0.002457
0.002567
0.002462
0.002503
0.004813
0.003863
0.002520
0.002062
0.002503
0.001668
0.001535
0.001888
0.004074
0.004447
0.001962
0.001877
0.001862
0.001495
0.001514
0.002350
0.002066
0.001668
0.002851
0.002394
0.002434
0.002089
0.001502
0.001255
0.001859
0.001883
0.002379
0.002099
0.002247
0.002471
0.002551
0.002621
0.002449
0.005920
0.024607
0.011188
0.010764
0.002936
0.003171
0.003372
0.003186
0.003492
0.003524
0.003687
0.003284
0.003116
0.003240
0.003243
0.002987
0.003416
0.005487
0.006484
0.003334
0.002944
0.002862
0.002813
0.002985
0.002527
0.002999
0.002415
0.003528
0.003262
0.002171
0.002643
0.002647
0.005276
0.002971
0.003183
0.003172
0.006149
0.003389
0.003111
0.002858
0.003148
0.003406
0.003612
0.003601
0.010369
0.003900
0.003416
0.003606
0.003595
0.003476
0.003414
0.003422
0.003394
0.003939
0.004663
0.003177
0.003360
0.002819
0.002849
0.002760
0.002731
0.002395
0.003308
0.003387
0.003233
0.003081
0.005718
0.004977
0.003115
0.003445
0.003216
0.002933
0.003072
0.002790
0.002757
0.003015
0.003334
0.003173
0.003217
0.003103
0.003007
0.002423
0.002568
0.002661
0.002165
0.002821
0.002898
0.002582
0.002151
0.002024
0.003403
0.003364
0.003125
0.002924
0.002635
0.002243
0.002769
0.002995
0.002655
0.002850
0.002649
0.001773
0.002554
0.002576
0.006618
0.003254
0.002472
0.002701
0.002487
0.001743
0.002356
0.002409
0.001936
0.001668
0.001839
0.001940
0.001894
0.001869
0.002718
0.002026
0.001895
0.001866
0.001790
0.001796
0.003020
0.003615
0.002092
0.002101
0.001716
0.002201
0.001643
0.002021
0.001984
0.004105
0.002011
0.002645
0.015360
0.002683
0.002637
0.002654
0.002796
0.002950
0.002741
0.002693
0.004184
0.003024
0.003138
0.003118
0.003082
0.003393
0.004742
0.003247
0.003227
0.003232
0.002865
0.002668
0.002504
0.004417
0.006287
0.003017
0.002773
0.002854
0.003184
0.002187
0.002531
0.006534
0.004746
0.002514
0.002522
0.002610
0.002037
0.002755
0.002755
0.002427
0.003068
0.002931
0.002936
0.006194
0.003155
0.003156
0.003263
0.003435
0.003620
0.003095
0.003416
0.005895
0.003541
0.003634
0.004297
0.004745
0.004056
0.003586
0.004297
0.003371
0.007441
0.006495
0.003063
0.003145
0.002960
0.002982
0.003558
0.003517
0.006560
0.006527
0.003259
0.004006
0.003504
0.003268
0.003391
0.003296
0.003433
0.003937
0.006585
0.002469
0.003029
0.003217
0.003281
0.003127
0.003018
0.003766
0.002591
0.002587
0.002794
0.002907
0.002555
0.002828
0.002871
0.002580
0.002306
0.002147
0.002683
0.002821
0.002753
0.003057
0.002082
0.002503
0.002639
0.002661
0.002600
0.002647
0.002461
0.002445
0.002459
0.002685
0.002543
0.002303
0.012270
0.003958
0.002518
0.002321
0.002318
0.004276
0.003561
0.001589
0.001918
0.001894
0.001934
0.001871
0.001765
0.004253
0.002854
0.001931
0.002729
0.002118
0.002162
0.002312
0.002140
0.001910
0.001927
0.002017
0.002000
0.001225
0.001573
0.002480
0.002606
0.002540
0.002300
0.004027
0.002787
0.002686
0.002883
0.002561
0.002825
0.002189
0.002947
0.007007
0.003298
0.003091
0.003132
0.003224
0.003252
0.003144
0.003244
0.003383
0.002931
0.002980
0.003389
0.005564
0.003269
0.003205
0.002857
0.002600
0.003024
0.002251
0.002787
0.002800
0.002598
0.002027
0.003347
0.002461
0.002969
0.005011
0.003277
0.004034
0.002958
0.003089
0.002663
0.002916
0.003132
0.003069
0.003095
0.005411
