1.078662
0.759200
0.718559
0.518621
0.629861
0.535451
0.574210
0.486143
0.537251
0.576472
0.497610
0.570125
0.556194
0.657128
0.573318
0.637418
0.825360
2.407788
0.523068
0.871319
0.676184
0.807682
0.701874
1.487494
1.632581
0.918317
0.991470
0.843166
1.128125
1.046267
0.946782
1.351138
1.183133
0.910826
1.543438
1.149366
1.021234
1.170696
0.913898
0.976727
0.985400
0.688543
0.831858
1.409032
1.008327
1.138000
1.194659
0.665551
0.710719
1.709284
3.187361
1.112823
1.150735
1.382014
1.338133
0.919423
1.128433
0.605942
1.241954
0.501349
1.818302
3.583946
1.302573
0.886388
0.703803
0.971979
1.152823
2.751119
0.853780
0.839386
0.832818
1.302646
1.037343
1.311171
0.719689
1.513915
1.163369
0.843719
0.936126
1.293737
1.513067
0.792903
0.755650
1.023663
1.129389
1.420807
2.455360
1.579100
1.210186
0.971697
2.109871
1.649628
1.363686
1.222997
1.091239
1.332203
0.955034
1.471446
1.387351
0.973822
1.618889
0.860441
1.032369
1.263180
0.927868
0.747524
0.822269
2.020874
0.428533
0.911343
1.044205
1.000702
1.194312
3.584450
0.881386
1.174270
0.741979
0.727434
0.976084
1.118071
6.536364
2.117611
2.896913
1.823228
0.863544
2.970149
1.026272
0.514374
2.123775
0.843072
1.721962
0.742194
2.382438
1.892013
2.318204
0.612160
1.794834
0.896433
0.687195
1.099301
1.880624
0.786133
0.792140
1.226380
1.784806
0.413377
0.418873
0.429607
0.429678
0.682290
0.793486
1.064033
0.546605
0.968328
0.705023
2.258725
3.181167
0.743898
1.159050
0.959284
0.768639
1.226269
1.666812
0.759687
0.991977
42.747796
0.837377
1.057466
0.814097
2.053496
1.896501
1.729802
0.637215
0.509215
0.615407
0.749155
0.933899
0.986000
1.686965
0.766835
1.238358
1.144251
0.904939
0.863545
0.866417
0.997468
1.886081
0.642338
0.788184
0.728435
0.826794
0.826690
2.027531
0.767265
0.866792
2.631006
0.793180
2.452701
1.082377
0.670519
1.039087
1.000603
0.784926
1.589719
1.078782
2.550374
3.651733
3.863498
3.402614
2.088494
0.788670
0.958269
0.398608
2.839231
0.865433
2.253819
0.478574
1.024820
0.928881
4.297456
0.800488
1.026856
0.814682
2.843800
2.083860
0.876533
0.924526
0.791202
1.743302
0.881422
1.445324
0.783286
2.221254
2.644224
0.868066
2.511984
1.798243
3.345720
1.187645
2.686324
4.968724
1.024339
0.603853
0.752691
0.728946
1.051266
1.198263
0.646736
1.090169
0.585393
1.227626
0.700660
1.247645
0.477253
3.141627
1.352094
0.632710
1.353377
1.266400
0.822610
2.136045
0.839326
0.880927
1.019702
1.016388
0.816210
0.385425
1.212943
0.897503
0.852009
0.408329
0.791637
0.717533
0.639345
0.346147
0.399910
0.736666
0.607049
0.442035
0.483714
0.464992
0.902847
0.428173
0.480460
0.605359
0.776102
0.883830
0.861487
0.941030
0.857022
1.254230
1.393442
0.992719
0.647391
0.912844
2.539499
1.454445
1.308266
2.202898
0.712338
0.865171
0.969739
0.707249
1.499420
0.757701
0.919417
1.171110
0.780565
2.536889
1.778837
0.529845
0.953924
1.155146
1.066885
0.955363
0.869251
1.482726
1.338022
1.017490
1.534207
0.890235
0.692834
0.827033
0.881078
0.951851
0.576302
0.890602
0.660617
1.658460
1.566744
0.991164
1.185824
1.344209
0.784118
1.678211
2.335726
1.545962
2.701643
2.853568
0.880540
1.170485
2.399212
2.115252
1.374484
0.585340
0.606352
0.411919
0.750725
0.811441
0.662554
1.882941
1.042750
1.137700
1.334414
0.958247
1.099115
1.024422
1.578028
4.410890
0.963940
3.913487
3.470987
1.120957
1.927716
0.827040
0.907908
0.769846
0.900306
3.364719
0.755128
2.665839
0.559314
0.990482
0.842787
1.199952
0.719733
11.915631
1.054153
1.093431
3.180488
0.727469
1.010702
1.571828
2.121597
0.557914
2.190108
0.861057
0.746575
0.906460
0.770299
0.644709
1.191351
0.758678
1.027051
1.137878
0.811789
0.794325
1.042220
1.229446
1.436448
1.264231
0.592685
0.797072
0.552620
0.441659
1.678840
0.666042
0.959076
0.397376
0.516916
0.662007
0.395522
0.439106
0.499232
0.507137
0.558018
0.540896
0.461341
0.742808
0.418466
0.784673
0.906836
0.950913
1.047446
2.099936
0.931173
0.652895
0.681653
1.051296
0.810514
1.267215
0.864129
16.057439
0.607140
0.420608
0.460574
0.748529
1.014002
1.150418
2.446453
1.154060
2.325095
1.148878
2.105336
0.698468
1.305219
0.914367
1.110592
0.714150
1.283112
1.238854
4.475845
0.957507
1.026172
2.913785
4.912487
1.450556
3.745481
2.245516
0.737211
1.477832
1.217978
0.792602
1.037141
1.327150
0.760187
1.450456
1.120179
0.999133
1.286717
3.425563
1.537626
2.044586
1.149588
1.468756
1.399274
4.131792
1.035189
2.306307
0.560011
0.802797
0.879576
0.684549
1.189892
0.515836
0.643317
0.910668
3.741334
3.889102
0.946105
0.698081
0.729875
1.084829
1.338573
1.388487
1.075772
0.998234
0.683821
1.154916
