0.012262
0.002707
0.002282
0.002371
0.005733
0.003197
0.001386
0.004006
0.002178
0.001495
0.001554
0.001560
0.001572
0.001550
0.001576
0.001513
0.001652
0.001548
0.001952
0.003660
0.002614
0.001418
0.001413
0.002285
0.001473
0.001461
0.001452
0.001326
0.001324
0.001326
0.001342
0.001785
0.003203
0.004813
0.001540
0.001520
0.001584
0.001566
0.001559
0.001523
0.003752
0.001642
0.005110
0.001621
0.001590
0.001680
0.001642
0.001528
0.001556
0.001544
0.001510
0.001621
0.001780
0.001720
0.001767
0.001840
0.003713
0.001681
0.001628
0.001683
0.001731
0.001682
0.001838
0.001802
0.002651
0.002078
0.001901
0.001867
0.001720
0.001626
0.001630
0.001555
0.001465
0.001688
0.001537
0.001722
0.001597
0.001551
0.001543
0.001546
0.001581
0.001594
0.001738
0.001640
0.001661
0.001631
0.001548
0.001469
0.001701
0.004385
0.001896
0.001816
0.002018
0.001985
0.001957
0.001868
0.004665
0.001924
0.001926
0.001957
0.001956
0.001990
0.002037
0.002064
0.002198
0.001849
0.002023
0.002079
0.002383
0.001982
0.002564
0.002582
0.001913
0.001893
0.002534
0.001803
0.002526
0.002245
0.002348
0.002332
0.002569
0.003217
0.002842
0.002582
0.001895
0.001611
0.001773
0.001779
0.002458
0.002307
0.002449
0.001672
0.002265
0.005248
0.001687
0.001937
0.002679
0.001973
0.002189
0.002176
0.002057
0.002163
0.002249
0.001714
0.001861
0.001851
0.001875
0.002096
0.001933
0.002445
0.002196
0.002254
0.001765
0.002625
0.001948
0.002580
0.002480
0.002378
0.002709
0.002517
0.005377
0.002328
0.002071
0.002732
0.002162
0.002062
0.002131
0.001939
0.001998
0.002069
0.002233
0.002522
0.002208
0.001873
0.002848
0.002529
0.002101
0.002016
0.002645
0.002467
0.002138
0.002177
0.002688
0.003018
0.002248
0.002828
0.002743
0.002374
0.002111
0.002331
0.002244
0.001808
0.001760
0.002000
0.001796
0.002481
0.001972
0.002071
0.001927
0.002354
0.002098
0.002156
0.002145
0.002796
0.002903
0.002602
0.002925
0.002032
0.003145
0.002193
0.002129
0.002148
0.002338
0.002561
0.002058
0.002250
0.002740
0.001992
0.002490
0.002818
0.002130
0.002459
0.003100
0.003177
0.002373
0.002423
0.002630
0.002449
0.002083
0.002265
0.003618
0.002628
0.002291
0.002047
0.001999
0.002829
0.002228
0.002182
0.002368
0.002208
0.002331
0.002457
0.003015
0.002338
0.002537
0.002676
0.002795
0.002622
0.002289
0.002592
0.002764
0.003366
0.002032
0.002009
0.002049
0.002655
0.002039
0.002274
0.001647
0.001668
0.001854
0.002424
0.001992
0.001896
0.002741
0.002632
0.002620
0.002229
0.002064
0.002386
0.002070
0.002774
0.002541
0.003014
0.002248
0.002954
0.002465
0.002939
0.003425
0.003015
0.002839
0.002747
0.002787
0.002362
0.002227
0.002746
0.005555
0.002147
0.001948
0.001873
0.002410
0.002642
0.002367
0.002449
0.002715
0.002405
0.002449
0.002453
0.002226
0.002153
0.002860
0.002779
0.003684
0.002592
0.003056
0.003054
0.002350
0.002446
0.002795
0.002324
0.002904
0.002277
0.002649
0.001946
0.002396
0.001816
0.002682
0.002327
0.002557
0.001870
0.001788
0.001504
0.002195
0.002368
0.001728
0.001877
0.002368
0.002135
0.001832
0.002341
0.002252
0.001997
0.002576
0.002884
0.002222
0.002386
0.002142
0.001864
0.002315
0.001890
0.004421
0.003736
0.003406
0.001936
0.002090
0.001928
0.002069
0.001942
0.002824
0.001779
0.002638
0.001849
0.002036
0.002380
0.002116
0.002418
0.001848
0.002061
0.002229
0.001700
0.001672
0.002503
0.002238
0.002177
0.002126
0.001978
0.002889
0.001822
0.002169
0.001768
0.002100
0.005181
0.005620
0.002617
0.001876
0.002614
0.001891
0.002072
0.002760
0.002115
0.002138
0.002892
0.002307
0.002232
0.003050
0.002851
0.002820
0.002354
0.002218
0.002252
0.002063
0.002023
0.002299
0.003474
0.004264
0.002306
0.003603
0.002911
0.002945
0.003608
0.002821
0.002673
0.002413
0.004010
0.003106
0.002785
0.002670
0.002502
0.002484
0.002795
0.002746
0.002752
0.002407
0.002554
0.002153
0.002498
0.002239
0.002460
0.002184
0.002155
0.002777
0.004272
0.002292
0.002979
0.002648
0.002804
0.002939
0.002555
0.002698
0.003953
0.003085
0.002595
0.002308
0.002908
0.002335
0.002415
0.002862
0.002855
0.002706
0.004714
0.002010
0.002535
0.002191
0.002274
0.002193
0.002811
0.003160
0.002805
0.002422
0.002421
0.002216
0.002119
0.002352
0.002177
0.002354
0.002310
0.002725
0.002220
0.002663
0.002581
0.003194
0.003054
0.002161
0.002519
0.002806
0.002814
0.002365
0.002938
0.002301
0.002181
0.002331
0.002085
0.002338
0.002672
0.002155
0.002206
0.002257
0.002807
0.002560
0.002391
0.003315
0.002692
0.002406
0.002411
0.002885
0.002378
0.002150
0.002459
0.003060
0.003507
0.002846
0.002730
0.002687
0.001948
0.003004
0.002034
0.001977
0.002052
0.002551
