0.007455
0.002705
0.002631
0.001717
0.005192
0.001787
0.001464
0.001508
0.001536
0.001509
0.002115
0.003252
0.001291
0.001283
0.001450
0.001751
0.001355
0.001672
0.001578
0.001353
0.003432
0.004670
0.001404
0.001608
0.001738
0.001318
0.001433
0.001535
0.001431
0.001548
0.002135
0.001861
0.001566
0.001448
0.001617
0.001481
0.002940
0.002868
0.001717
0.001556
0.001466
0.001583
0.001639
0.002447
0.001611
0.001972
0.001968
0.002929
0.001685
0.001753
0.002039
0.002151
0.001625
0.001636
0.001658
0.001906
0.001574
0.001535
0.001569
0.001504
0.001597
0.001597
0.001500
0.001435
0.001641
0.001500
0.002135
0.001714
0.003311
0.001595
0.001747
0.001687
0.001751
0.002272
0.001605
0.001573
0.001651
0.001594
0.003627
0.001757
0.002192
0.001708
0.001946
0.002200
0.001741
0.001727
0.002665
0.001779
0.001878
0.002348
0.001616
0.001562
0.001641
0.001619
0.001641
0.001543
0.001544
0.001637
0.001639
0.001684
0.001772
0.001806
0.001998
0.001560
0.003328
0.001750
0.001854
0.001627
0.001645
0.001636
0.001539
0.001646
0.001805
0.001654
0.001596
0.001524
0.001598
0.001653
0.001445
0.001510
0.001776
0.001501
0.001674
0.001592
0.001459
0.001364
0.001451
0.001489
0.001715
0.001909
0.001631
0.001454
0.001413
0.001449
0.001564
0.001519
0.001611
0.001580
0.001481
0.001432
0.001416
0.001539
0.001960
0.001417
0.002519
0.001576
0.001445
0.001413
0.001533
0.001473
0.001368
0.001774
0.001278
0.001551
0.001171
0.003786
0.001412
0.001197
0.001257
0.001862
0.001286
0.001398
0.001552
0.001414
0.001634
0.001329
0.001566
0.001598
0.001417
0.001491
0.001377
0.001465
0.001393
0.001625
0.001888
0.001435
0.001898
0.002038
0.001765
0.001744
0.001528
0.001586
0.001538
0.001762
0.001761
0.001679
0.001682
0.001651
0.001934
0.001783
0.001721
0.002583
0.001567
0.001751
0.002189
0.001696
0.001655
0.001868
0.001516
0.001607
0.001917
0.001505
0.001640
0.001614
0.002167
0.002062
0.001988
0.001583
0.001430
0.001490
0.001613
0.001852
0.001989
0.002749
0.001533
0.001683
0.001634
0.001645
0.001647
0.001732
0.001737
0.001715
0.002465
0.002856
0.002037
0.001825
0.001831
0.001642
0.001672
0.001604
0.001672
0.002593
0.003029
0.001944
0.001943
0.002722
0.001761
0.001537
0.001606
0.001774
0.001657
0.001682
0.001636
0.001608
0.001814
0.001749
0.001767
0.001629
0.001596
0.001667
0.001659
0.001646
0.001805
0.001646
0.001692
0.002203
0.001665
0.002159
0.001691
0.001508
0.001623
0.001633
0.001942
0.001884
0.001568
0.001747
0.001532
0.001488
0.001687
0.001499
0.001705
0.001979
0.001522
0.001444
0.001461
0.001526
0.002013
0.001402
0.001524
0.001485
0.001527
0.001620
0.001897
0.001414
0.001426
0.001486
0.001633
0.002094
0.001358
0.001418
0.001215
0.001420
0.002547
0.001331
0.001581
0.001491
0.001541
0.001341
0.001472
0.001305
0.001647
0.001295
0.002194
0.001546
0.001570
0.001440
0.001306
0.001313
0.001552
0.001314
0.001831
0.001917
0.001504
0.001482
0.001478
0.001909
0.001457
0.001720
0.001600
0.002153
0.001582
0.001803
0.001676
0.002017
0.001642
0.001906
0.001594
0.002024
0.001753
0.001609
0.001695
0.001731
0.001670
0.001632
0.001646
0.001711
0.001566
0.001712
0.001685
0.001544
0.001904
0.003367
0.001550
0.001415
0.001405
0.001458
0.001664
0.001516
0.001555
0.001553
0.001755
0.001749
0.001576
0.001547
0.001699
0.001779
0.001686
0.001629
0.002149
0.001747
0.001955
0.001917
0.001906
0.001777
0.001825
0.002018
0.001668
0.001816
0.001811
0.001759
0.001744
0.001781
0.001775
0.001748
0.001571
0.001603
0.001693
0.002068
0.001666
0.001611
0.001656
0.001946
0.001835
0.001560
0.002196
0.001713
0.001651
0.001678
0.004304
0.002240
0.002098
0.001641
0.001808
0.001688
0.001706
0.001642
0.001552
0.002046
0.001553
0.001706
0.001615
0.001921
0.001531
0.001528
0.001488
0.001576
0.002348
0.002385
0.001608
0.001591
0.001928
0.001695
0.001726
0.001472
0.001868
0.001932
0.001840
0.001556
0.001586
0.001415
0.001469
0.002264
0.001662
0.001483
0.001479
0.001390
0.001436
0.002498
0.001418
0.001481
0.001554
0.001523
0.001256
0.001335
0.001547
0.001317
0.001684
0.001567
0.001219
0.001360
0.001425
0.001347
0.001391
0.001566
0.001764
0.001847
0.001384
0.001569
0.001493
0.001214
0.001519
0.002124
0.001390
0.001498
0.001493
0.001471
0.002258
0.001711
0.001594
0.001630
0.001508
0.001625
0.002843
0.002028
0.001636
0.001659
0.001644
0.001821
0.002868
0.001631
0.002284
0.001634
0.002323
0.001921
0.002044
0.001960
0.001533
0.001587
0.001638
0.001489
0.001505
0.001561
0.001476
0.001459
0.001486
0.001627
0.001448
0.001477
0.002152
0.001588
0.001744
0.001884
0.001654
0.001796
0.001620
0.001706
0.001575
0.001764
406.857677
