0.000835
0.000593
0.000083
0.000059
0.000153
0.001230
0.003012
0.003852
0.008443
0.013224
0.016931
0.030808
0.041862
0.062718
0.093422
0.148389
0.215843
0.315421
0.417210
0.516156
0.637307
0.734793
0.697377
0.826364
0.948833
0.987675
1.195834
1.295007
1.360221
1.382546
1.424334
1.551751
1.779076
2.077774
3.036681
4.486605
5.310857
5.441818
4.679240
5.202674
5.410801
5.728745
6.038985
6.349536
6.642697
6.947493
7.305750
7.637967
8.118243
8.370364
8.740183
9.132896
9.528563
9.967824
10.208989
10.567241
11.060266
11.375454
11.631795
11.953824
12.317325
12.574291
12.896500
13.259151
13.414820
13.838701
14.184869
14.496663
14.725912
14.845855
14.951688
14.964113
14.769817
14.629222
14.646528
14.862056
15.095675
14.950580
14.935989
14.992826
15.204147
15.275108
15.152459
15.019590
15.087076
15.072019
15.007420
15.167205
15.141739
15.244219
14.937692
14.848497
14.927916
14.812071
14.667325
14.313592
14.094106
13.825024
13.631272
13.349244
12.974191
12.595369
12.393592
12.016630
11.804808
11.545034
11.061409
10.712994
10.385353
10.165029
9.907665
9.529236
9.233636
9.267597
8.779040
8.559330
8.231075
7.843905
7.551461
7.171747
6.913026
6.524780
6.187221
5.846714
5.528442
5.204963
