0.061465
0.080816
0.038834
0.042034
0.038528
0.034485
0.059654
0.038202
0.042106
0.040620
0.033761
0.034343
0.035051
0.034880
0.032319
0.035967
0.033641
0.034253
0.033256
0.034256
0.032204
0.063344
0.047541
0.035272
0.032984
0.034847
0.032933
0.034144
0.059178
0.033587
0.033188
0.055020
0.058715
0.048635
0.032678
0.034100
0.033090
0.047959
0.059520
0.059331
0.043418
0.034856
0.048782
0.046233
0.046179
0.047275
0.032105
0.048762
0.044907
0.040895
0.037709
0.055644
0.045097
0.056288
0.063356
0.046981
0.035292
0.033228
0.032946
0.035525
0.032975
0.034077
0.035067
0.042396
0.036038
0.035744
0.031956
0.047869
0.044030
0.050837
0.059544
0.060815
0.059797
0.045171
0.032396
0.046041
0.057502
0.047010
0.033929
0.047914
0.058581
0.045436
0.032305
0.051026
0.042986
0.033555
0.032981
0.034545
0.046787
0.060772
0.043269
0.032055
0.032313
0.034047
0.035095
0.033233
0.036672
0.035558
0.060134
0.064192
0.047324
0.050133
0.045893
0.047601
0.044625
0.047661
0.060592
0.049463
0.033615
0.034250
0.032413
0.035473
0.032322
0.050336
0.044044
0.032988
0.051199
0.046178
0.032935
0.038779
0.032431
0.034894
0.032764
0.051793
0.044374
0.034170
0.032408
0.050038
0.044280
0.053481
0.067187
0.044135
0.033627
0.033496
0.032983
0.033884
0.032093
0.059227
0.040902
0.035016
0.032482
0.035367
0.033610
0.034075
0.037161
0.034873
0.054228
0.065753
0.042162
0.036183
0.032879
0.033770
0.032496
0.032458
0.055625
0.042907
0.033626
0.034542
0.032472
0.050786
0.033024
0.034068
0.032965
0.035060
0.033304
0.033149
0.033673
0.034862
0.061081
0.036591
0.032228
0.036942
0.036265
0.034241
0.032467
0.033404
0.032074
0.034575
0.034306
0.034850
0.033558
0.032824
0.032139
0.032409
0.033395
0.035411
0.032898
0.036378
0.032308
0.034923
0.032174
0.033731
0.032397
0.032773
0.032458
0.033225
0.032116
0.033374
0.032251
0.032935
0.032315
0.034571
0.033907
0.036918
0.055408
0.041543
0.032271
0.034439
0.032951
0.035718
0.032324
0.051346
0.032334
0.036877
0.033099
0.034524
0.032294
0.035615
0.034720
0.033591
0.032318
0.034831
0.032998
0.038405
0.032280
0.032973
0.032399
0.038468
0.031925
0.034080
0.032568
0.036374
0.032676
0.035340
0.034431
0.036275
0.035965
0.038285
0.032247
0.034187
0.033760
0.034674
0.035461
0.036648
0.032559
0.035584
0.033415
0.033999
0.032263
0.036168
0.032215
0.035207
0.034837
0.035319
0.032244
0.036015
0.032572
0.036687
0.032678
0.036234
0.032082
0.034098
0.032523
0.036616
0.032664
0.035269
0.032384
0.034618
0.032649
0.037724
0.032140
0.035000
0.032546
0.034366
0.032726
0.036294
0.032534
0.035165
0.032072
0.036233
0.032296
0.034959
0.038617
0.032695
0.036815
0.035647
0.032287
0.033314
0.032054
0.033128
0.038168
0.036239
0.032799
0.034859
0.032495
0.034614
0.033629
0.040783
0.052450
0.040093
0.032338
0.035229
0.033725
0.035800
0.032583
0.043922
0.032388
0.036613
0.056784
0.034301
0.033850
0.037153
0.032641
0.032791
0.032600
0.036023
0.032128
0.036185
0.033150
0.034304
0.033092
0.035772
0.032349
0.035726
0.032103
0.034619
0.033722
0.035307
0.032266
0.035426
0.034002
0.035758
0.034038
0.036777
0.033501
0.039028
0.032138
0.034369
0.032374
0.035695
0.032351
0.034395
0.032246
0.034195
0.039447
0.036228
0.032197
0.035222
0.032327
0.034323
0.033467
0.034988
0.032653
0.034021
0.032395
0.035062
0.032396
0.036850
0.033409
0.035730
0.032484
0.035498
0.032138
0.034841
0.033367
0.034592
0.033596
0.035664
0.034384
0.034692
0.032965
0.035750
0.033181
0.035389
0.032426
0.035035
0.033701
0.034384
0.032583
0.035714
0.032289
0.034319
0.033681
0.033109
0.036878
0.037545
0.032124
0.034747
0.032021
0.035786
0.032238
0.035833
0.032437
0.034431
0.032416
0.036381
0.032248
0.037663
0.033026
0.041072
0.032358
0.034517
0.032171
0.035042
0.032014
0.034921
0.033163
0.034313
0.038721
0.034958
0.031898
0.034556
0.031898
0.036514
0.032082
0.034224
0.033113
0.034719
0.032160
0.034054
0.036126
0.036730
0.033035
0.034878
0.035102
0.034388
0.032681
0.034242
0.032492
0.034601
0.040333
0.037202
0.037046
0.035829
0.032160
0.037095
0.032525
0.036922
0.033103
0.037585
0.052252
0.040743
0.032278
0.036680
0.032974
0.034804
0.032431
0.032650
0.055680
0.038766
0.032445
0.039405
0.036215
0.034516
0.032369
0.034198
0.032114
0.039588
0.032605
0.034878
0.032566
0.034267
0.032718
0.036242
0.033654
0.034126
0.032395
0.036418
0.033451
0.036052
0.032529
0.034348
0.032650
0.040058
0.035168
0.034766
0.032320
0.033589
0.032999
0.034597
0.032914
0.037490
0.032385
0.035948
0.035133
0.036412
0.032505
0.036855
0.032004
0.034696
0.035103
0.034921
0.032211
0.036236
0.032019
0.036276
0.032182
0.037048
0.032072
