1.254944
0.958084
0.621389
0.391772
0.598262
0.637539
0.515266
0.458406
0.446636
0.548077
0.444799
0.464451
0.451670
0.495983
0.549518
0.496759
0.544918
0.513780
0.513283
0.465789
0.531866
0.463309
0.460411
0.503369
0.552700
0.597524
0.455261
0.456013
0.467773
0.572881
0.454052
0.477875
0.406388
0.403070
0.403724
0.590682
0.609998
0.407182
0.401150
0.420897
0.433852
0.434007
0.682198
0.484417
0.529796
0.483357
0.470279
0.466113
0.470929
0.487623
0.592382
0.548322
0.744492
0.486821
0.497544
0.523023
0.699330
0.539450
0.778275
0.485876
0.520266
0.514644
0.494472
0.791416
0.662788
0.755326
0.665737
0.594024
0.422335
0.420154
0.497299
0.442400
0.505427
0.564548
0.765578
0.508750
0.425145
0.492973
0.519386
0.484152
0.583537
0.541125
0.463774
0.509143
0.508626
0.492145
0.735911
0.876474
0.450083
0.517132
0.510920
0.452093
0.448344
0.519971
0.448119
0.677466
0.452636
0.794517
0.598931
0.498414
0.835054
0.706780
0.582094
0.492551
0.468723
0.539940
0.468036
0.582619
0.623697
0.545000
0.568593
0.484151
0.780609
1.030891
0.554585
0.688379
0.803698
0.564368
0.478602
0.482757
0.475171
0.482300
0.473029
0.560208
0.501207
0.705936
0.757142
0.626707
0.621200
0.618503
0.481973
0.623551
0.516905
0.492693
0.711073
0.631166
0.678235
0.645586
0.497393
0.496033
0.544478
0.497348
0.653476
0.509489
0.499195
0.611118
0.592600
0.588662
0.759585
3.923452
0.593899
0.799646
0.539912
0.659931
0.599538
0.647639
0.522590
0.693299
0.794025
0.674605
0.529469
0.601683
0.629131
0.654051
0.708021
0.635888
0.640223
0.642238
4.294079
0.721064
0.692872
0.661672
0.558877
0.575985
0.556291
0.565891
0.560392
0.583625
0.683776
0.991776
0.891313
0.922695
0.575413
0.789145
0.758947
0.980852
0.579543
0.846902
0.580311
0.615012
0.584453
0.912154
0.628837
0.768943
1.051480
1.095592
0.805746
0.846267
0.655024
0.740635
0.739786
0.943138
1.333453
0.848960
0.716773
0.750586
0.633868
0.740362
0.738173
1.054771
0.676909
0.757037
0.817603
0.717144
0.693194
0.783451
1.002045
1.418241
0.892138
0.804311
0.657680
0.665491
0.766566
1.203777
0.637481
0.750107
0.717757
0.794452
0.786188
0.738609
0.767899
0.809455
0.804854
0.781494
0.900364
1.253809
0.984506
1.052361
1.245284
0.862318
0.861558
0.766107
0.679994
0.997540
0.966626
0.774437
0.682157
0.812244
0.996969
1.073291
0.697533
0.590526
0.690957
0.697079
0.704123
1.110112
0.844992
0.707165
0.709191
0.732175
0.821079
0.980776
1.177332
0.972608
0.947303
0.919517
0.880923
0.948958
0.751331
0.887995
1.211562
1.172536
2.477235
0.976876
1.022396
1.380743
1.629336
0.904572
1.106813
0.911471
0.859020
5.078913
1.126402
0.947164
0.786602
0.992408
1.214724
0.994534
0.867218
1.265307
1.336990
1.207807
0.857280
1.213325
0.913552
1.000824
1.081182
0.834715
1.164768
1.387093
1.121896
1.005993
1.392559
1.162990
1.049861
1.599055
0.870357
1.125052
1.035172
1.042878
1.866349
1.881859
1.113890
1.175782
0.900835
0.903318
1.239787
1.196280
1.093149
1.088343
1.166721
1.436521
1.887899
1.641553
1.048560
1.294394
1.267672
1.284736
1.169880
1.236868
1.198025
1.190223
1.233474
1.174279
1.261151
1.180177
1.406181
1.126559
1.198342
1.277967
1.475560
1.335372
1.216991
1.216753
1.259439
1.283856
1.325979
1.257666
1.074502
1.632183
1.464067
1.367371
1.866461
1.306507
1.281989
1.438454
1.367699
1.405609
1.424646
1.268047
1.433535
1.792276
1.459948
1.311493
2.148424
1.465536
1.635333
1.470194
1.544732
1.543773
1.523083
1.766430
2.180538
1.597107
1.324774
1.359700
1.895103
1.791789
1.547355
1.371291
1.734363
1.772658
1.551947
1.441099
1.431612
1.968408
1.765549
2.326038
1.413003
1.555940
3.232000
1.843487
2.402630
1.457670
1.877920
1.851453
1.687433
1.540824
1.588753
2.142687
1.881066
2.831755
1.524032
2.263934
1.483168
1.344043
2.517806
1.907324
1.324238
2.255434
1.541798
2.016254
1.681417
1.848791
1.340560
1.550861
1.831133
1.854732
2.778717
1.727189
1.561650
1.980773
3.646308
1.998501
2.447579
1.756347
3.601571
2.170892
1.643120
1.146444
1.623007
2.137385
1.635259
1.655206
1.626172
2.475910
1.875029
4.097571
1.669746
2.535070
2.090823
2.182429
2.364114
1.693372
1.717440
1.693605
1.685271
1.494428
2.756442
1.464889
1.953907
2.486240
2.206675
1.945110
1.955342
2.787580
2.547580
1.765112
1.979658
2.270759
1.964009
2.166892
2.212380
1.716035
2.475422
1.957539
3.767197
2.527200
2.283402
1.801994
2.269251
2.289437
1.752874
1.752758
2.226372
3.182814
2.147695
1.926906
1.891423
3.118274
2.131109
2.076093
2.129091
2.697361
2.374466
2.373198
2.664441
2.455398
2.455164
2.176588
1.983036
2.582989
2.730268
1.667819
2.705814
2.034155
1.695395
3.550613
2.407099
