0.013317
0.014602
0.012419
0.012995
0.015041
0.011692
0.013248
0.016038
0.016333
0.012076
0.016439
0.014145
0.015535
0.011330
0.011137
0.011010
0.011981
0.015205
0.014122
0.015857
0.013458
0.011127
0.011107
0.011106
0.011107
0.011085
0.011165
0.011083
0.011320
0.011401
0.011099
0.011050
0.011099
0.012877
0.015838
0.014238
0.014238
0.013439
0.011227
0.011130
0.011551
0.011048
0.011000
0.011000
0.011069
0.011047
0.011012
0.011245
0.010999
0.011058
0.011268
0.011110
0.011095
0.011086
0.011177
0.011134
0.011139
0.010990
0.011040
0.011006
0.011059
0.010984
0.010978
0.011184
0.011121
0.015420
0.015672
0.012211
0.013808
0.011467
0.011080
0.010954
0.011136
0.011021
0.011131
0.011145
0.011128
0.011209
0.011251
0.011010
0.011069
0.011015
0.011257
0.011133
0.011043
0.011031
0.011131
0.011478
0.010939
0.010946
0.011407
0.011276
0.011070
0.011155
0.011120
0.011121
0.011226
0.010983
0.011043
0.010980
0.011011
0.011090
0.011155
0.011103
0.011109
0.011076
0.010990
0.011081
0.011044
0.011047
0.011130
0.011264
0.011119
0.010995
0.011056
0.010952
0.011049
0.011086
0.011035
0.011161
0.011448
0.011047
0.011038
0.011039
0.011119
0.011036
0.011091
0.011090
0.010942
0.010852
0.011003
0.011097
0.011045
0.011068
0.011089
0.011146
0.011117
0.011074
0.010977
0.011031
0.011076
0.011127
0.011126
0.010977
0.010962
0.011086
0.011060
0.011020
0.010981
0.010957
0.011118
0.011010
0.010936
0.011020
0.011015
0.010966
0.011057
0.011015
0.011503
0.011060
0.010992
0.011083
0.011147
0.011103
0.011017
0.011040
0.013280
0.015955
0.012776
0.012156
0.011348
0.011077
0.011160
0.010970
0.011021
0.011055
0.011111
0.011234
0.011215
0.011012
0.011013
0.011063
0.011024
0.011104
0.011340
0.012558
0.013772
0.012668
0.013801
0.012705
0.013369
0.011744
0.011426
0.011160
0.011001
0.010935
0.011105
0.011117
0.011104
0.011065
0.011044
0.011047
0.011135
0.011104
0.011102
0.011085
0.011040
0.011022
0.011137
0.011031
0.010972
0.011136
0.011095
0.011095
0.011138
0.011035
0.011185
0.011119
0.011170
0.011045
0.011149
0.011164
0.011198
0.010909
0.011055
0.011102
0.011132
0.011056
0.011046
0.011165
0.011127
0.010981
0.011052
0.011077
0.011063
0.011126
0.011030
0.011011
0.011225
0.011261
0.011036
0.011036
0.011067
0.011087
0.011094
0.010946
0.011100
0.011009
0.011077
0.011141
0.011147
0.013200
0.012905
0.015332
0.012865
0.011276
0.010958
0.011033
0.011092
0.011106
0.011004
0.011038
0.010981
0.011194
0.011100
0.011015
0.011070
0.011569
0.014327
0.013955
0.017774
0.012035
0.011131
0.010995
0.011131
0.011054
0.011389
0.011053
0.010914
0.012173
0.011136
0.011050
0.011026
0.011348
0.010970
0.011050
0.011175
0.011095
0.011142
0.010916
0.011179
0.011017
0.010996
0.011072
0.011102
0.010939
0.011125
0.011119
0.011071
0.011014
0.012374
0.011027
0.010946
0.011005
0.011094
0.011440
0.011026
0.010998
0.011118
0.011199
0.011034
0.011541
0.016739
0.015713
0.014602
0.011382
0.011076
0.011161
0.010990
0.011319
0.010986
0.011063
0.011024
0.011024
0.011279
0.010998
0.011062
0.011195
0.011040
0.010920
0.011082
0.011048
0.011189
0.010788
0.011028
0.010971
0.011076
0.011508
0.011076
0.015030
0.016106
0.012604
0.015678
0.012241
0.011092
0.011102
0.011233
0.011011
0.010972
0.011045
0.011193
0.011019
0.011017
0.011175
0.011003
0.011872
0.010988
0.011009
0.011251
0.011193
0.011053
0.011087
0.011113
0.011124
0.011046
0.011140
0.011210
0.011070
0.011142
0.011076
0.011080
0.011318
0.011376
0.011613
0.011125
0.011199
0.011003
0.011046
0.011037
0.011010
0.011002
0.011120
0.010950
0.011303
0.011013
0.011252
0.011157
0.011084
0.011208
0.010947
0.011018
0.011253
0.011157
0.011161
0.011024
0.011032
0.011125
0.011156
0.011047
0.011072
0.010965
0.011069
0.010995
0.011103
0.011297
0.010990
0.011050
0.011097
0.011340
0.011193
0.011096
0.011015
0.011132
0.011504
0.011068
0.010987
0.011021
0.011129
0.011110
0.011025
0.011192
0.011088
0.010990
0.011349
0.013714
0.012528
0.015309
0.011731
0.011090
0.011726
0.010906
0.011201
0.010991
0.011079
0.011576
0.011276
0.011164
0.011236
0.011136
0.011025
0.013107
0.014288
0.015514
0.011722
0.011070
0.011090
0.011189
0.011095
0.011244
0.011018
0.011134
0.011117
0.011043
0.011103
0.010997
0.011171
0.011407
0.011194
0.010945
0.011149
0.011332
0.010952
0.011205
0.010970
0.011022
0.011140
0.013447
0.015727
0.014593
0.014697
0.011201
0.011063
0.011071
0.011038
0.011244
0.011102
0.011043
0.011096
0.010970
0.011044
0.011052
0.011031
0.012454
0.014501
0.013630
0.012240
0.011356
0.010824
0.011128
0.011126
0.011115
0.011125
0.010987
0.011130
0.010930
0.011191
0.011546
0.011187
0.011089
