0.000089
0.000207
0.000080
0.000080
0.000185
0.001004
0.005283
0.015562
0.030523
0.048975
0.076055
0.109803
0.151189
0.189359
0.218269
0.272131
0.311195
0.334003
0.396208
0.468197
0.550812
0.615110
0.698028
0.783009
0.889824
0.991897
1.092960
1.136888
1.205628
1.284096
1.370697
1.491303
1.637839
1.783183
1.932002
2.087444
2.232188
2.380070
2.544730
2.704047
2.879736
3.061636
3.230630
3.418293
3.624270
3.841311
4.028483
4.255118
4.461454
4.701058
4.929128
5.174492
5.276274
5.357456
5.235281
4.984606
4.755692
4.525797
4.304567
4.072525
3.868887
3.661462
3.461658
3.261612
3.069134
2.896812
2.724093
2.558499
2.386579
2.227817
2.159584
2.097914
2.160950
2.327940
2.479240
2.657507
2.831720
2.961399
3.091597
3.219377
3.376285
3.515773
3.608391
3.776320
3.944503
4.116335
4.278696
4.426835
4.487624
4.562704
4.647763
4.717863
4.830985
5.055381
5.197403
5.270324
5.358421
5.448650
5.511940
5.597509
5.701297
5.887174
6.081881
6.296242
6.430976
6.586863
6.751017
6.927253
7.141507
7.374825
7.592331
7.783670
8.010373
8.187527
8.152489
7.907540
7.609345
7.292707
6.994811
6.717533
6.424505
6.155483
5.895145
5.666298
5.614679
5.658705
5.878871
6.153767
6.359025
6.529160
6.737468
6.965744
7.203830
7.448736
7.728156
8.015103
8.268891
8.533089
8.783139
8.949586
9.254262
9.512247
9.835530
10.142175
10.468399
10.737400
11.015644
11.409869
11.543054
11.551936
11.288680
10.930188
10.618662
10.281175
9.915304
9.565355
9.228466
8.992475
8.744070
8.540467
8.369437
8.195625
8.030712
7.817484
7.629718
7.660871
7.518006
7.339830
7.158563
7.025774
6.737340
6.498363
6.319367
6.132300
5.950672
5.688893
5.563780
5.572038
5.575545
5.525071
5.315694
5.068815
4.883560
4.716688
4.662984
4.499603
4.323818
4.190491
4.140836
4.088588
4.038770
3.916876
3.813038
3.863842
4.061798
4.271235
4.389822
4.366227
4.360417
4.356871
4.405578
4.388493
4.386792
4.233930
3.995600
3.792108
3.608764
3.428350
3.267521
3.119565
2.928210
2.800554
2.705793
2.568911
2.442829
2.329972
2.214068
2.123066
2.021836
2.042061
2.169505
2.338015
2.416731
2.412472
2.406892
2.385871
2.243103
2.219223
2.184091
2.054256
2.032733
2.041062
1.938770
1.773918
1.619073
1.532820
1.527195
1.415140
1.284515
1.214295
1.207104
1.282594
1.345951
1.430896
1.525797
1.616917
1.729385
1.846372
1.969265
2.114942
2.265016
2.405415
2.546697
2.692455
2.852706
3.022083
3.189735
3.385314
3.581369
3.757973
3.931153
4.156337
4.254288
4.311819
4.200614
4.220007
4.383098
4.601519
4.759382
4.822974
4.999638
5.159438
5.366455
5.618201
5.802008
5.783572
5.843729
5.857059
5.961944
6.038855
6.145726
6.220610
6.283384
6.393043
6.462135
6.577871
6.704798
6.833023
6.973204
7.100672
7.256314
7.427679
7.586943
7.508457
7.528891
7.300469
7.000919
6.792425
6.801463
7.014669
7.297252
7.588724
7.872788
8.022879
8.113507
8.370049
8.703428
8.885127
9.082029
9.263879
9.229111
9.447964
9.676249
9.933054
10.182896
10.441589
10.697144
10.967739
11.151862
11.483917
11.570211
11.405201
11.039570
10.706642
10.360755
10.016603
9.886935
9.879787
10.134923
10.474553
10.840164
10.967764
11.015887
10.787282
10.411390
10.068452
9.731153
9.397738
9.054762
8.820543
8.764698
8.967619
8.902345
8.657417
8.337356
8.026323
7.718086
7.416571
7.118969
6.830312
6.538539
6.268920
5.998866
5.905236
5.922328
6.141551
6.410406
6.681169
6.967849
7.235631
7.531900
7.841426
8.141755
8.454610
8.780461
9.080147
9.452432
9.779826
10.122686
10.481561
10.615492
10.617052
10.378165
10.022480
9.688229
9.339962
8.998147
8.680498
8.360975
8.045803
7.732305
7.505235
7.197415
6.927062
6.627086
6.363625
6.290116
6.356585
6.591364
6.878804
7.155795
7.451864
7.731757
8.050416
8.360133
8.672839
9.003435
9.329675
9.593866
9.937320
10.276105
10.604472
10.935078
11.009210
10.881825
10.574380
10.211564
9.848985
9.512588
9.167435
8.850978
8.595499
8.320697
8.033571
7.731600
7.429658
7.127437
6.829637
6.554201
6.273519
6.007786
5.735049
5.489944
5.285702
5.044393
4.781945
4.641128
4.417305
4.180617
3.954352
3.750577
3.555173
3.347457
3.147064
2.944613
2.782418
2.593260
2.433888
2.252281
2.096287
1.940319
1.798132
1.665142
1.525540
1.416056
1.285484
1.172278
1.050783
0.944154
0.836773
0.761630
0.671307
0.583288
0.502658
0.430463
0.360780
0.308837
0.250490
0.197508
0.151649
0.113662
0.079633
0.051541
0.035183
0.027501
0.041440
0.062653
0.081311
0.106625
0.142743
0.183993
0.232772
0.272859
0.326369
0.389662
0.462226
0.527862
0.608204
0.700741
0.795894
0.895717
1.004924
1.115800
1.241806
1.360587
1.494276
1.632953
1.777737
1.923558
2.029443
2.195703
2.343668
2.531251
2.692144
2.873331
3.071072
3.251107
3.444765
3.649015
