0.113011
0.100529
0.099655
0.096046
0.092101
0.111911
0.107750
0.109571
0.106261
0.114960
0.105285
0.112432
0.114756
0.114947
0.119730
0.148827
0.136096
0.121783
0.125441
0.132853
0.119498
0.121636
0.134613
0.139397
0.136770
0.158552
0.159739
0.168817
0.180305
0.201392
0.184498
0.194865
0.192212
0.196894
0.207209
0.256582
0.267625
0.273165
0.273348
0.278787
0.307050
0.300686
0.306931
0.244793
0.332617
0.344290
0.341406
0.358678
0.468475
0.484698
0.388027
0.452062
0.362340
0.385423
0.383458
0.395332
0.413675
0.416467
0.435933
0.437777
0.512007
0.530950
0.536500
0.542729
0.468565
0.497295
0.484490
0.579025
0.585773
0.589912
0.609409
0.624838
0.475243
0.579793
0.511657
0.709341
0.710056
0.812827
0.801658
0.827173
0.837900
0.873931
0.780129
0.821693
0.821001
0.822590
0.828147
0.829743
0.831007
0.855276
0.874582
0.891201
0.788809
0.807770
0.821462
0.821990
0.980792
0.997582
0.982973
1.017187
1.046919
1.051025
2.209163
1.948060
2.008840
2.040074
2.110054
2.120881
2.202069
2.284144
2.334675
2.755750
2.466322
2.910870
3.059189
3.092275
3.117815
2.763217
2.817613
2.855097
2.939785
3.006403
3.030249
3.102733
3.154046
3.200105
3.818097
3.857255
3.941368
3.980739
4.060210
4.099530
4.241475
4.289946
4.333420
4.460517
3.252214
3.991900
4.020901
4.261160
4.436976
4.288680
4.292609
3.741666
4.563279
3.888135
3.976320
4.094880
4.294310
5.105224
6.010147
6.143178
6.999465
6.765999
6.478426
6.413839
6.546070
6.758639
6.719853
6.812874
6.949580
7.990413
7.197307
6.197807
6.363824
7.512198
7.648431
6.674798
7.987987
8.292090
8.323877
8.549439
8.536907
8.772856
8.891450
7.808913
9.199036
11.390224
9.716758
11.077567
11.076546
9.992262
10.677352
11.819968
10.349996
10.479088
7.638665
10.782461
11.040923
11.146522
11.928829
10.557062
10.895590
12.796419
14.883449
15.129934
15.383373
15.530342
11.927180
12.097739
12.084285
14.272550
12.385107
12.785113
10.627294
13.217389
13.257535
15.600407
14.461107
14.932015
17.177685
16.450010
16.692472
17.205404
17.345003
18.694805
16.477603
19.479562
19.877420
20.486203
20.560391
20.709801
21.034363
23.258900
23.672967
21.421160
24.770105
20.838278
20.678652
17.418128
17.516426
20.770112
20.980269
21.142338
21.386526
18.657052
21.827446
22.159793
25.436957
22.522909
22.983418
19.862857
19.940800
23.548384
23.588554
23.873986
24.180029
24.377403
24.776670
25.471011
25.073823
25.343160
25.694996
22.364609
22.519030
22.804919
23.090437
23.468758
23.829271
23.804191
28.091563
28.646356
28.777006
37.622997
34.064697
34.337790
30.179963
30.960175
30.474907
31.593298
33.653734
34.045518
34.272221
34.594539
34.620540
35.270026
35.487980
25.585195
31.235207
36.308152
33.577084
32.005618
32.465277
38.121475
38.361038
40.275109
39.475965
45.380826
40.203143
34.857376
41.436987
42.217548
42.870940
54.941683
55.621184
56.144360
43.884476
45.285291
44.985329
45.348830
45.974798
47.236369
46.974750
47.188133
47.571003
48.077838
117.230555
118.203616
118.484311
121.132764
121.539482
88.279097
50.827822
50.710342
51.348735
51.385846
51.607271
52.090210
52.433323
83.275335
53.084758
53.667893
54.265201
69.824142
58.777681
58.401467
59.051190
51.014860
51.718709
51.958345
52.992463
53.368755
62.137074
64.286853
60.595950
60.622467
52.221235
61.700852
62.047033
53.675434
63.687343
63.996537
58.154967
58.908991
60.448782
61.106217
71.242780
71.703853
72.401859
52.174540
52.289871
42.644527
53.790815
54.216528
54.528996
54.714029
54.890471
55.572666
189.568170
127.606923
91.837740
80.934325
93.021166
82.072356
70.229804
82.629974
110.868990
204.196726
133.185909
85.452404
85.512383
86.488587
74.857718
88.208232
87.957381
89.002838
89.894681
90.885121
103.933220
92.072919
92.129979
92.984761
93.128282
122.373269
98.783502
97.636237
97.828405
83.762042
99.800177
85.725749
101.204588
102.258111
116.414395
234.794502
118.272996
254.847293
165.471727
106.155793
77.635620
110.002483
124.055492
140.090744
109.802597
126.504786
112.090705
145.744937
113.713541
277.609913
180.371300
116.858468
117.083202
118.077452
123.209743
86.070482
85.684959
122.631100
122.668850
123.946726
106.389354
125.706641
127.835655
127.545273
128.607070
148.493738
225.229375
133.016637
117.247963
133.251339
133.687741
173.142365
136.369480
136.657282
137.689938
177.103134
138.572782
139.416197
140.825452
162.411558
145.639901
164.731739
145.259545
188.330613
168.763100
169.498141
148.715102
150.569128
150.551221
130.942299
110.305389
155.875048
159.158783
159.026186
182.118033
184.811695
185.558185
211.139888
400.729113
260.445674
169.774711
119.816484
171.618762
185.276098
206.395312
161.318912
185.340102
198.823391
176.321982
177.267687
128.071089
130.153017
180.515198
206.610940
169.513511
170.858340
197.481948
431.235529
295.596158
191.941173
203.614416
180.814375
178.880673
154.677656
188.498044
197.235687
198.648053
199.680320
202.387388
232.100297
204.241402
206.245267
235.856635
237.433294
209.951377
240.139876
274.699961
272.072136
212.477716
234.605579
227.083065
