0.016117
0.043443
0.095465
0.189968
0.310924
0.486236
0.639107
0.853159
1.099360
1.359246
1.659222
1.992414
2.325918
2.516909
2.927618
3.343970
3.527569
3.729303
3.844253
4.175530
4.630003
5.185944
5.696030
6.235481
6.864329
7.476006
8.166300
8.798726
9.289820
9.795720
10.308513
10.831680
11.643166
12.486572
13.366756
14.254196
14.953344
15.763090
16.741250
17.484767
18.295627
19.207010
20.089437
21.155683
22.051464
22.989797
24.010010
25.107990
26.247386
27.457506
28.691349
29.059176
28.716474
27.639367
26.398961
25.291282
24.228685
23.139414
22.090418
21.089815
20.091758
19.324851
18.445697
17.536227
16.667450
15.869645
15.002910
14.920097
15.484968
16.419106
17.262954
18.160221
19.083408
20.021960
20.993270
22.015985
23.066342
24.159417
24.688427
25.302305
26.101684
26.869767
27.649258
28.758096
29.734999
30.946928
31.618207
32.211875
32.887016
33.699446
34.535588
34.315422
33.188029
31.763829
30.559226
29.359582
28.416005
27.497835
26.885135
26.008289
24.956321
23.748703
22.590528
21.446788
20.352778
19.409941
18.348641
17.318502
16.325714
15.675786
15.737862
15.900474
16.182408
16.339444
16.707503
16.756077
16.599170
15.763168
14.807217
13.922907
13.157178
12.961453
12.461586
11.804021
11.340821
10.828621
10.313904
9.548420
8.799592
8.290660
8.295422
8.237366
8.593189
8.870207
9.202253
9.656707
10.098107
10.443808
10.807515
11.372995
11.974726
12.654700
13.330337
13.946947
14.351091
15.008138
15.732243
16.548204
17.583760
18.388336
19.160023
19.206122
20.064413
21.081402
22.073235
23.201523
23.821502
24.859632
25.152445
24.898752
25.502791
26.311757
27.190668
28.030912
28.905593
29.807790
30.489247
31.609828
32.404077
33.220530
33.895042
35.036750
35.259355
35.259030
34.778377
33.780860
32.544091
32.161689
32.552640
32.547542
32.449388
32.534756
32.767902
33.248038
33.769764
33.793923
34.259650
34.764533
35.911982
37.104103
37.978563
38.775323
39.644680
40.585970
41.514555
42.503475
43.531361
43.486350
42.285079
40.701106
39.407358
39.293401
39.714739
41.254900
42.543572
43.600397
44.455519
45.477378
45.338091
44.162520
42.507429
40.984917
39.628349
38.191106
37.543195
37.110719
37.831935
39.058308
40.471677
41.991684
42.386603
42.009559
40.733590
39.243348
37.684916
36.253852
35.690335
35.665449
36.625340
38.082877
39.574189
40.706883
42.316955
43.851757
45.431194
47.062782
48.662358
50.325754
51.847023
52.072948
51.181388
49.525423
47.872180
46.289824
44.870664
44.276196
44.260471
45.440313
47.064764
48.686491
50.412622
52.077185
53.757189
55.505853
57.228279
58.882248
60.529650
61.862635
61.793794
60.349505
58.558195
56.846245
55.215138
53.485844
51.797094
50.333251
49.941055
50.871493
50.590895
49.197032
47.545647
45.962633
44.408397
42.853758
41.625567
40.119328
38.642851
37.208201
35.802017
34.398122
33.059865
31.962538
31.890577
32.765605
34.200066
35.542998
36.937858
38.398853
39.867190
41.349323
42.880351
44.411695
46.015552
47.588308
49.245344
50.923161
52.586574
54.298334
56.068801
57.777573
59.557611
61.400177
61.917601
61.514567
59.909465
58.026204
56.228849
54.432466
52.682819
50.892275
49.189521
47.539378
45.840740
44.215911
42.835885
41.300138
39.761056
38.263497
36.785135
35.293693
33.897178
32.472897
31.655285
30.300305
29.034728
27.788277
26.549827
25.329300
24.135800
22.967217
21.814423
20.667050
19.585627
18.520728
17.534128
16.529382
15.549846
14.629296
13.690599
12.810304
11.970793
11.133017
10.358700
9.604042
8.861067
8.163580
7.634385
7.044811
6.460081
5.887074
5.313354
4.777248
4.281832
3.813674
3.388803
2.971571
2.605222
2.251424
1.921465
1.642726
1.366150
1.164714
0.942455
0.717118
0.559484
0.538499
0.645403
0.865176
1.045173
1.189518
1.322112
1.549639
1.787487
2.059980
2.388913
2.750535
3.143410
3.454693
3.883100
4.371333
4.858894
5.388039
5.943629
6.480262
7.076422
7.727993
8.275345
8.993477
9.733075
10.518964
11.308579
12.146038
12.983984
13.641394
14.553719
15.444749
16.316412
17.299983
18.298201
19.347558
20.414310
21.459177
22.601442
23.772883
24.987752
26.203200
27.447893
28.681485
29.935103
31.297904
32.671987
34.050451
35.450186
36.922412
38.385940
39.924082
41.454749
43.042863
44.695644
46.312863
47.867768
49.449841
51.143082
52.856837
54.559657
56.370075
58.126438
59.975392
61.902835
63.389315
65.070284
66.014924
66.982750
66.747282
65.928858
63.928154
63.203072
63.697335
62.730548
60.896796
59.013344
57.154713
55.302249
53.538162
51.769483
50.028374
48.331028
46.697251
45.293348
43.688678
42.089602
40.535517
39.199320
37.700025
36.221488
34.767758
33.343469
31.975583
30.625582
29.319359
28.007645
26.827376
25.584429
24.397642
23.257589
22.069763
20.951970
19.840055
18.802766
17.744773
16.765655
15.775266
14.882187
13.979982
13.062852
12.273040
11.596102
10.787083
10.004071
9.231190
8.522359
7.824603
7.246960
6.614856
6.030339
5.477265
4.934608
4.441212
3.977688
3.522842
3.107653
2.737146
2.375435
2.047159
1.756578
1.489133
1.266257
1.048330
1.044648
