0.009604
0.002733
0.002802
0.004203
0.010722
0.005947
0.002844
0.003470
0.001689
0.002219
0.001696
0.001607
0.001591
0.001670
0.003091
0.001731
0.001476
0.001473
0.001399
0.001401
0.002749
0.005872
0.001467
0.001422
0.002376
0.001586
0.001479
0.001201
0.001456
0.001302
0.003354
0.003500
0.001560
0.001695
0.001889
0.002177
0.005217
0.007492
0.002839
0.001977
0.001852
0.001958
0.001898
0.002028
0.001914
0.001896
0.002286
0.002174
0.002099
0.002210
0.002500
0.002111
0.001870
0.002038
0.001883
0.002155
0.001774
0.001703
0.002126
0.004455
0.001940
0.001699
0.001761
0.001537
0.001502
0.002170
0.001723
0.002285
0.002338
0.002835
0.002374
0.002582
0.002654
0.002465
0.002391
0.002635
0.003040
0.002779
0.005400
0.002822
0.003223
0.002449
0.002992
0.002416
0.002946
0.002923
0.002835
0.002592
0.002887
0.003008
0.002703
0.002263
0.002573
0.002749
0.002479
0.002459
0.002480
0.002985
0.002562
0.002400
0.002938
0.002690
0.002761
0.002684
0.003003
0.002745
0.002622
0.003105
0.002402
0.002609
0.002970
0.002521
0.003634
0.002854
0.003397
0.002992
0.002695
0.002780
0.002785
0.002522
0.002267
0.002485
0.002145
0.002586
0.002266
0.002198
