0.002071
0.002430
0.002667
0.001284
0.003321
0.001359
0.002012
0.003425
0.002969
0.003117
0.003190
0.001263
0.001499
0.003684
0.001253
0.001221
0.002244
0.003118
0.003550
0.002594
0.001368
0.001423
0.001322
0.001341
0.001354
0.001349
0.001506
0.001285
0.001312
0.001274
0.001375
0.001394
0.001392
0.002161
0.003766
0.001947
0.001928
0.002242
0.001584
0.001559
0.001520
0.001521
0.001526
0.001553
0.001584
0.001590
0.001660
0.001594
0.001693
0.001676
0.001662
0.001522
0.001547
0.001568
0.001666
0.001592
0.001555
0.001486
0.001482
0.001522
0.001974
0.001485
0.001446
0.001470
0.001381
0.001856
0.003740
0.003220
0.003979
0.001983
0.001594
0.001725
0.001565
0.001550
0.001629
0.001644
0.001597
0.001592
0.001707
0.001728
0.001714
0.001771
0.001757
0.001687
0.001719
0.001688
0.001691
0.001728
0.001689
0.001721
0.001655
0.001783
0.001605
0.001585
0.001509
0.001493
0.001552
0.001611
0.001532
0.001519
0.001675
0.001682
0.001590
0.001530
0.001604
0.001642
0.001767
0.001603
0.001570
0.001567
0.001585
0.001580
0.001615
0.001654
0.001602
0.001696
0.001577
0.001537
0.001628
0.001422
0.001533
0.001498
0.001512
0.001517
0.001429
0.001404
0.001430
0.001428
0.001459
0.001596
0.001749
0.001412
0.001416
0.001429
0.001431
0.001425
0.001423
0.001444
0.001419
0.001498
0.001444
0.001440
0.001442
0.001422
0.001404
0.001374
0.001367
0.001369
0.001380
0.001164
0.001204
0.001215
0.001299
0.001199
0.001183
0.001228
0.001204
0.001175
0.001594
0.001342
0.001306
0.001274
0.001356
0.001288
0.001259
0.001458
0.003478
0.003179
0.001493
0.001299
0.001713
0.001698
0.001412
0.001422
0.001468
0.001428
0.001433
0.001509
0.001556
0.001581
0.001459
0.001778
0.001528
0.001664
0.001594
0.002522
0.002568
0.002989
0.002456
0.003233
0.002005
0.002091
0.001560
0.001602
0.001583
0.001848
0.001529
0.001497
0.001506
0.001505
0.001509
0.001518
0.001537
0.001369
0.001410
0.001428
0.001434
0.001440
0.001466
0.001512
0.001570
0.001601
0.001586
0.001593
0.001560
0.001626
0.001687
0.001639
0.001798
0.001728
0.001674
0.001647
0.001717
0.001735
0.001786
0.001735
0.001664
0.001671
0.001796
0.001617
0.001628
0.001589
0.001670
0.001542
0.001524
0.001488
0.001548
0.001581
0.001580
0.001560
0.001634
0.001729
0.001552
0.001649
0.001594
0.001680
0.001651
0.001568
0.001586
0.001600
0.001640
0.002510
0.002463
0.002666
0.002488
0.001540
0.001573
0.001544
0.001417
0.001439
0.001419
0.001558
0.001505
0.001588
0.001443
0.001381
0.001420
0.001816
0.004272
0.002736
0.002733
0.001495
0.001525
0.001460
0.001468
0.001484
0.001610
0.001444
0.001409
0.001412
0.001417
0.001418
0.001394
0.001472
0.001416
0.001370
0.001334
0.001471
0.001384
0.001170
0.001160
0.001205
0.001169
0.001178
0.001202
0.001163
0.001229
0.001231
0.001158
0.001269
0.001627
0.001261
0.001316
0.001298
0.001306
0.001246
0.001286
0.001212
0.001168
0.001361
0.001348
0.002198
0.003769
0.002907
0.003867
0.001452
0.001496
0.001485
0.001555
0.001509
0.001526
0.001566
0.001696
0.001596
0.001714
0.001561
0.001610
0.001638
0.001663
0.001649
0.001623
0.001557
0.001527
0.001673
0.001585
0.001680
0.001508
0.001489
0.001477
0.002570
0.002955
0.001954
0.003683
0.001483
0.001595
0.001427
0.001454
0.001463
0.001532
0.001532
0.001507
0.001622
0.001547
0.001534
0.001768
0.001589
0.001568
0.001617
0.001682
0.001706
0.001810
0.001624
0.001754
0.001699
0.001803
0.001741
0.001691
0.001809
0.001625
0.001636
0.002165
0.001559
0.001625
0.001594
0.001525
0.001566
0.001518
0.001576
0.001557
0.001646
0.001654
0.001632
0.001703
0.001539
0.001598
0.001623
0.001701
0.001686
0.001612
0.001593
0.001637
0.001688
0.001677
0.001627
0.001644
0.001595
0.001513
0.001548
0.001442
0.001469
0.001487
0.001465
0.001460
0.001495
0.001447
0.001442
0.001437
0.001470
0.001660
0.001537
0.001512
0.001439
0.001468
0.001560
0.001451
0.001471
0.001494
0.001523
0.001409
0.001365
0.001399
0.001399
0.001393
0.001391
0.001950
0.003110
0.002353
0.002124
0.001341
0.001214
0.001268
0.001245
0.001201
0.001161
0.001175
0.001200
0.001195
0.001318
0.001171
0.001327
0.002253
0.003716
0.002942
0.001628
0.001319
0.001272
0.001312
0.001176
0.001174
0.001195
0.001378
0.001451
0.001359
0.001453
0.001519
0.001421
0.001429
0.001511
0.001538
0.001485
0.001505
0.001606
0.001540
0.001576
0.001561
0.001647
0.002146
0.003294
0.002874
0.001782
0.001632
0.001512
0.001545
0.001610
0.001588
0.001648
0.001511
0.001487
0.001491
0.001484
0.001506
0.001628
0.003047
0.002090
0.003038
0.001806
0.001455
0.001419
0.001510
0.001456
0.001574
0.001574
0.001595
0.001546
0.001651
0.001563
0.001603
0.001634
393.762244
