0.021119
0.003408
0.004395
0.002755
0.008962
0.008975
0.007987
0.001716
0.001706
0.001974
0.001604
0.002404
0.001603
0.001609
0.001606
0.001629
0.005601
0.002450
0.001649
0.001826
0.001669
0.006281
0.002013
0.001766
0.002069
0.001832
0.002187
0.001896
0.001680
0.001764
0.001832
0.001952
0.002369
0.001956
0.001812
0.001831
0.003484
0.001963
0.001882
0.001883
0.002050
0.001982
0.002178
0.002141
0.002256
0.002059
0.002141
0.002156
0.002074
0.002191
0.002029
0.002053
0.002152
0.002445
0.002177
0.002159
0.002067
0.002125
0.002570
0.002170
0.002047
0.002134
0.002064
0.001916
0.002469
0.001926
0.002244
0.002008
0.002150
0.002144
0.002968
0.003025
0.002487
0.003081
0.002510
0.002731
0.002344
0.002138
0.003006
0.002207
0.003194
0.003547
0.003537
0.002840
0.003075
0.002175
0.002103
0.002901
0.002782
0.002371
0.003267
0.002465
0.002102
0.002863
0.002186
0.002696
0.002031
0.002137
0.002017
0.002734
0.002240
0.001762
0.002101
0.002111
0.001920
0.001892
0.002549
0.002304
0.002533
0.001999
0.001910
0.002377
0.001737
0.002840
0.002340
0.002550
0.001492
0.001611
0.001883
0.001937
0.002710
0.002699
0.002500
0.001879
0.002255
0.002457
0.002041
0.002441
0.004839
0.002071
0.001850
0.002085
0.002572
0.002039
0.003486
0.002673
0.002664
0.002337
0.002564
0.002403
0.002722
0.002273
0.002217
0.002667
0.002653
0.002860
0.002757
0.002649
0.002957
0.002699
0.003173
0.003195
0.002765
0.002877
0.003385
0.002587
0.002149
0.003167
0.004669
0.002490
0.002861
0.002923
0.002435
0.002437
0.002213
0.002954
0.003013
0.002625
0.001994
0.002088
0.002312
0.001845
0.001831
0.002868
0.002701
0.002017
0.002836
0.002946
0.002555
0.002335
0.003092
0.002822
0.003074
0.003284
0.003161
0.003057
0.002333
0.002226
0.002765
0.003056
0.002798
0.002541
0.002168
0.003603
0.002990
0.002529
0.001912
0.001922
0.002312
0.002465
0.002680
0.003062
0.002174
0.002337
0.002104
0.002179
0.002908
0.001837
0.001818
0.002050
0.002713
0.002358
0.003040
0.002767
0.002887
0.002568
0.002341
0.002064
0.002027
0.002573
0.001866
0.001709
0.002187
0.002527
0.002097
0.002243
0.002425
0.002101
0.003001
0.003400
0.003106
0.003615
0.002422
0.002328
0.003791
0.003225
0.002797
0.002880
0.002525
0.003116
0.003008
0.002726
0.002988
0.003498
0.003750
0.003228
0.003366
0.004509
0.003109
0.003463
0.002906
0.003114
0.003465
0.003235
0.002891
0.006232
0.004086
0.003149
0.004119
0.004039
0.003033
0.003809
0.003941
0.003481
0.004013
0.004361
0.003222
0.002955
0.003169
0.002552
0.003140
0.002746
0.003640
0.006480
0.003543
0.002892
0.003402
0.003217
0.002923
0.003067
0.003361
0.004102
0.003246
0.003488
0.003307
0.003315
0.003609
0.003464
0.003031
0.003004
0.003337
0.002966
0.003729
0.003292
0.003972
0.003835
0.003587
0.003354
0.003387
0.003111
0.003323
0.002879
0.002995
0.003010
0.002948
0.003434
0.003522
0.003290
0.003377
0.003042
0.003640
0.003316
0.003478
0.003499
0.003385
0.004224
0.003525
0.003083
0.004004
0.003348
0.004063
0.003960
0.003390
0.004159
0.002731
0.002826
0.002248
0.003454
0.002394
0.002417
0.002631
0.002342
0.002763
0.002979
0.002853
0.002896
0.002168
0.002546
0.002079
0.002697
0.002297
0.002622
0.002552
0.002439
0.002288
0.002355
0.002455
0.002867
0.002241
0.002648
0.002327
0.002754
0.002621
0.003118
0.002551
0.003135
0.002538
0.002327
0.002137
0.002579
0.003193
0.002266
0.002459
0.002366
0.003136
0.002519
0.002087
0.002515
0.002148
0.002330
0.002397
0.002490
0.002194
0.002419
0.002129
0.002092
0.003126
0.002679
0.002759
0.003098
0.002790
0.002298
0.003046
0.002644
0.002488
0.002337
0.002563
0.002883
0.002290
0.002324
0.002678
0.002964
0.002625
0.004384
0.002702
0.002684
0.002049
0.002505
0.002429
0.002891
0.002350
0.002363
0.002026
0.001985
0.004728
0.002488
0.002242
0.002331
0.002276
0.002912
0.002802
0.003037
0.003127
0.003439
0.002955
0.003607
0.003359
0.003700
0.002816
0.003220
0.003308
0.003389
0.003601
0.003479
0.003065
0.003827
0.003230
0.003295
0.003479
0.003277
0.003963
0.004832
0.002587
0.002665
0.002923
0.002728
0.002923
0.003578
0.002927
0.003189
0.003443
0.003170
0.003046
0.003882
0.003615
0.002913
0.002646
0.002653
0.003157
0.002894
0.003011
0.003159
0.003167
0.002953
0.003038
0.003350
0.002977
0.003206
0.002412
0.002233
0.002636
0.002664
0.002364
0.002181
0.002241
0.002559
0.002566
0.002881
0.002778
0.002244
0.002526
0.002220
0.001898
0.002050
0.002207
0.002288
0.002785
0.002747
0.002903
0.002781
0.002807
0.002541
0.002781
0.002714
0.002602
0.002511
0.002546
0.002189
0.002273
0.003093
0.002267
0.002248
0.002202
0.002427
0.002566
0.002207
0.002584
0.002706
0.002610
