0.113929
0.097402
0.063804
0.064158
0.068166
0.099548
0.126843
0.109219
0.105727
0.112583
0.120532
0.112436
0.120029
0.173196
0.165615
0.211959
0.171198
0.364199
0.294550
0.281508
0.115144
0.126755
0.167515
0.145010
0.148295
0.167070
0.229889
0.197343
0.192176
0.212958
0.248089
0.301925
0.357668
0.298189
0.287587
0.249224
0.303133
0.413494
0.408668
0.360660
0.356744
1.173885
0.851775
0.450904
0.452443
0.380384
0.348064
0.429536
0.479635
0.414699
0.548183
0.502532
0.534466
0.613871
0.509362
0.516276
0.542240
0.488191
0.623239
0.610636
0.636459
0.636411
0.665030
0.677095
0.710950
0.830617
0.737878
0.772806
1.001476
1.506569
0.690433
0.731606
0.856391
0.897675
1.015445
0.983659
1.034866
1.041991
1.037657
1.096859
1.248108
1.654648
1.205676
1.074658
1.445035
1.304504
1.317370
1.356678
1.130303
1.244413
1.264285
1.894628
1.621867
1.805291
1.690041
1.707833
1.758811
2.088094
1.899613
2.082070
2.473604
2.072002
2.249613
2.553873
1.956059
1.799306
2.312070
2.352940
1.848742
5.691987
6.093044
6.366207
5.312513
6.703769
6.884438
6.101034
7.602426
8.930673
7.886110
9.379749
11.945384
10.030957
10.165872
10.280653
10.548152
10.833919
11.159482
13.679552
11.823067
11.846892
10.377044
10.702671
10.755953
11.160884
11.361997
13.498495
13.907659
14.069094
14.130642
20.608088
14.725800
16.770024
11.579478
12.699518
15.306851
14.556462
14.910955
17.206207
19.522185
17.738229
15.820685
13.997609
16.349881
16.587525
16.799787
16.952072
17.419981
19.942823
17.802754
18.018659
13.209430
18.544981
19.205943
19.479017
16.540232
19.487163
17.068510
20.224521
20.528686
20.755287
20.917428
21.055559
21.344856
21.525218
21.709174
21.930781
22.091137
32.951636
19.853952
22.974791
23.662402
20.756320
23.377824
23.775807
25.331036
25.030150
25.614959
25.062633
26.746405
25.912100
25.902838
26.322814
26.656893
26.980296
23.585323
24.187905
24.147865
24.325566
29.509974
33.324033
34.453858
30.525598
31.085774
30.502218
31.073193
31.328279
22.733862
32.374377
27.867115
28.542110
28.859035
35.703035
33.196304
35.869261
35.861435
37.316467
36.882195
38.635143
43.288864
38.542613
39.300778
34.228539
36.240412
38.092364
40.577863
36.681866
37.476072
42.135245
41.542151
53.220617
45.770089
46.692924
46.985261
48.110183
49.182624
48.986302
49.471174
50.947916
50.496845
43.708629
44.585321
44.355586
37.141054
44.645035
37.342323
45.634666
45.987883
46.303920
54.391480
62.945391
64.403541
64.724491
64.553714
57.313685
58.022186
59.171566
59.674553
51.775610
43.672328
62.459606
53.804985
54.590346
55.550550
55.893528
56.395524
56.709111
57.419007
68.100585
67.918751
68.336251
68.912838
79.614863
70.828442
71.240824
72.721403
72.741315
64.318270
64.548608
64.405528
75.588972
65.354256
66.102544
66.841774
67.656114
57.450456
69.137340
81.187846
58.637910
82.809902
84.121762
72.330883
85.797340
98.554969
99.943106
89.083828
88.744152
115.188637
77.886524
105.415929
105.494417
120.377555
94.522333
95.942240
96.331173
97.766765
97.640479
125.890830
113.672219
100.669705
102.619617
103.158831
105.007978
105.262067
107.813640
110.219118
123.983505
109.858720
111.427942
128.903001
129.207833
145.902822
114.012716
116.547096
116.262765
118.034939
124.130674
124.385722
126.671961
109.135189
128.725700
129.337301
129.883755
131.949493
151.051014
134.611991
134.520507
135.712343
117.707325
118.174637
138.798561
141.157023
141.448374
122.272331
143.309553
144.922671
145.767382
146.365677
148.124813
149.216083
129.320350
151.629049
152.610373
155.239717
178.412776
180.967514
158.422123
159.040767
160.640875
162.313323
164.297759
165.940820
167.023151
217.374811
193.341872
170.316133
172.365004
172.429211
173.304093
176.639046
152.643357
179.597961
181.725520
182.937089
185.694510
213.622453
213.421154
211.278075
193.342429
205.557896
4408.865924
208.278716
236.052502
237.812594
250.147716
279.755336
301.724871
308.988140
312.119848
345.038269
256.713066
240.656692
269.169736
270.031145
243.076290
244.745230
215.270162
185.402687
217.643617
219.698573
221.434418
222.230903
224.006184
224.807293
228.052737
165.584119
234.139378
259.397208
205.329055
234.028783
237.394242
347.638181
312.236056
248.595888
244.856745
246.797331
246.628131
248.584076
250.339828
252.343828
256.103032
255.545657
256.345910
259.548725
225.450440
303.547967
352.536493
345.788072
310.284524
4398.975425
359.201520
320.111407
355.592321
279.623792
318.513519
281.413057
282.510002
365.276740
450.650378
373.696575
290.049361
208.530822
310.975852
404.812486
