0.628901
0.749925
0.597043
0.667813
0.717421
0.713203
0.639219
0.713682
1.510302
0.540623
0.529726
0.493181
0.531363
0.418326
0.543121
0.453215
0.431062
0.506294
0.525068
0.463049
0.523620
0.341931
0.505869
0.380234
0.833216
1.146119
0.748054
0.381093
0.417048
0.430296
0.418163
0.382736
0.635931
0.414508
0.724375
0.396777
0.346529
0.381832
0.411486
0.343782
0.431563
0.442418
0.507573
0.381663
0.482590
0.667440
0.343614
0.557792
0.699715
0.557768
0.607960
0.382046
0.381412
0.443501
0.732951
0.384460
0.633069
0.399572
0.463876
0.383876
0.386989
0.409634
0.530097
0.359620
0.364928
0.365624
0.448782
0.417333
0.559315
0.502384
0.413978
0.360218
0.414077
0.353239
0.427107
0.355065
0.415956
0.416726
0.442789
0.391587
0.436475
0.365503
0.367828
0.354799
0.556958
0.353486
0.353359
0.365217
0.428453
0.867469
0.463624
0.721158
0.599646
0.363554
0.817546
0.764323
0.847579
0.867307
0.633754
0.758881
0.438117
0.635228
0.940207
1.487498
0.477308
0.396150
0.387165
0.596369
0.631283
0.642203
0.794546
0.367489
0.605314
0.497558
0.814766
0.717759
0.525229
0.835155
0.431497
0.317645
0.369504
0.634747
0.404482
0.516848
0.355597
0.355015
0.404578
0.354317
0.432928
0.353935
0.410319
0.353877
0.408465
0.699698
0.381687
0.391704
0.523394
0.710082
0.604535
0.424965
0.354878
0.447631
0.359923
0.406433
0.357530
0.514756
0.530139
0.395498
0.437730
0.498030
0.538969
0.749624
0.538521
0.660940
0.772009
0.513772
0.656518
0.436326
0.630170
0.374042
0.694545
0.604038
0.554320
0.579601
0.517710
0.752832
0.599733
0.358575
0.432619
0.370991
0.401035
0.476011
0.501251
0.422360
0.556719
0.357775
0.396098
0.376349
0.511972
1.077369
0.455510
0.418652
0.488453
0.436674
0.479629
0.319024
0.382674
0.372523
0.398698
0.414904
0.427399
0.474091
0.735170
0.622988
0.401995
0.375819
0.401044
0.453990
0.503975
0.475243
0.365722
0.477302
0.563484
0.416869
0.545402
0.492511
0.404362
0.492532
0.567811
0.414146
0.529100
0.677672
0.422417
0.519545
0.617185
0.684878
0.404280
0.414696
0.358960
0.447365
0.414889
0.378341
0.469013
0.427649
0.414725
0.479094
0.519472
0.495051
0.603577
0.443803
0.402659
0.443972
0.497990
0.410649
0.599573
0.373459
0.415738
0.405309
0.458370
0.365874
0.464757
0.776002
0.647486
0.560191
0.609059
0.429002
0.642650
0.375756
0.367513
0.345583
0.390971
0.503271
0.456257
0.490312
0.457150
0.479510
0.440733
0.395545
0.871893
0.502873
0.428246
0.614875
0.402877
0.400779
0.364076
0.401548
1.101599
0.581822
0.415504
0.714751
0.419328
0.454920
0.775605
0.745433
0.456305
0.332689
0.412513
0.529886
0.705039
0.505058
0.638433
0.427265
0.468342
0.787288
0.492408
0.421606
0.474986
0.500350
0.794186
0.415893
0.724853
0.480247
1.141803
0.564744
0.520808
0.890987
0.378078
0.457953
0.522854
0.369682
0.449700
0.414319
0.764372
0.835661
0.439110
0.367302
0.794880
0.512734
0.795048
0.828550
0.785203
0.751164
0.448933
0.821448
0.404493
0.369412
0.403064
0.618715
1.195015
0.989456
0.783073
0.558682
0.439814
0.379178
0.432167
0.410762
0.841110
0.435525
0.549157
0.755874
0.421562
0.451581
0.330254
1.128326
1.005798
0.541364
0.777511
0.707164
0.425881
0.510471
0.929832
0.475158
0.707904
0.500599
1.165245
0.734786
0.755930
0.962183
0.894436
0.495428
0.473625
0.448501
0.746605
0.350657
0.398562
0.446556
0.830684
0.441875
0.394019
0.393229
0.681205
0.445842
2.607456
0.440628
0.355485
0.445511
0.472989
0.468974
0.437658
0.515460
0.393358
0.452110
0.668093
0.447863
2.298177
0.517640
0.471008
0.509810
0.476235
0.398292
0.689127
0.968305
0.600791
0.420936
0.659553
0.378041
0.799378
0.495204
0.618487
0.479721
0.699305
0.478482
0.475811
0.979050
0.468941
0.497503
0.494067
0.584248
0.459112
0.594772
0.681145
0.623554
0.485753
0.667867
0.480867
0.653619
0.490267
0.699571
0.449216
0.621031
0.585268
0.660031
0.477723
0.409788
0.483160
0.736696
0.434580
0.527989
0.833016
0.630255
1.393004
0.748421
0.581469
1.040029
0.724038
0.506491
0.378174
0.453030
0.477202
0.733632
0.435736
0.781660
0.423511
0.560717
0.595160
0.478749
0.532498
0.395384
0.411116
0.691570
0.416333
0.495071
0.658174
0.429969
0.804301
0.662645
0.442457
0.546356
0.438594
0.452846
0.617726
0.437852
0.516177
0.540784
0.671350
0.423602
0.677157
0.420035
0.760857
0.782867
0.770433
1.078221
0.369590
0.490779
0.560422
0.633111
0.598714
0.440137
0.464273
0.480191
0.613002
0.450070
0.396104
0.509693
0.487106
0.435480
0.455582
0.636864
0.374572
0.605800
0.379799
0.378448
0.537887
0.373004
0.698424
0.471303
0.636317
0.560314
0.871749
0.555589
0.436804
0.378678
0.408354
0.596677
0.520710
0.567787
0.624042
0.427298
0.474176
