0.002440
0.011856
0.029579
0.054160
0.098800
0.149625
0.204915
0.265394
0.336103
0.461638
0.634225
0.840367
1.017367
1.269945
1.523044
1.761335
1.964495
2.068091
2.231884
2.390318
2.611974
2.803081
3.012588
3.187947
3.393667
3.576240
3.791567
3.979605
4.222152
4.664870
4.929662
5.072858
5.161958
5.289843
5.396069
5.513724
5.600777
5.684130
5.754502
5.831479
5.904352
5.998330
6.069759
6.159275
6.222900
6.298835
6.384081
6.452532
6.521543
6.591097
6.643689
6.702121
6.754123
6.809332
6.856528
6.888322
6.932062
6.974575
6.996533
7.031344
7.031599
7.063748
7.082447
7.089638
7.086212
7.077114
7.071023
7.064568
7.041283
7.027452
7.003410
6.981003
6.956866
6.916205
6.858846
6.818366
6.760373
6.723528
6.666836
6.585347
6.519893
6.443817
6.380354
6.300010
6.216025
6.129968
6.053478
5.960230
5.883889
5.775629
5.680124
5.577852
5.481321
5.382772
5.281102
5.184745
5.083027
4.969018
4.856673
4.747271
4.647554
4.544584
4.452977
4.326308
4.221684
4.120478
4.020102
3.917374
3.811952
3.721928
3.620334
3.537645
3.436006
3.343759
3.273305
3.184960
3.095469
3.028995
2.960875
2.894893
2.850676
2.787849
2.723818
2.679628
2.620157
2.585490
2.541621
2.513921
2.484098
2.452969
2.433698
2.403176
2.403297
2.386708
2.392880
2.396573
1.272067
1.168847
0.989134
0.855148
0.745044
0.667072
0.623608
0.584223
0.560580
0.558931
0.572525
0.599219
0.643079
0.691462
0.745159
0.760922
0.816397
0.906076
1.004716
1.071996
1.130277
1.220886
1.371345
2.222125
2.486280
2.760225
3.075801
3.382916
3.720922
4.058114
4.432964
4.739780
4.962101
5.236182
4.213211
4.118448
4.368968
4.616219
4.853696
5.123190
5.419777
5.745606
5.990309
6.290935
6.548507
6.738118
6.912708
7.253580
7.441074
7.669831
7.676292
8.027307
8.326356
8.524154
8.660944
8.937339
9.126329
9.372015
9.619084
9.829148
10.030378
10.251755
10.452492
10.625682
10.767469
10.928824
11.052083
11.213029
11.330183
11.452808
11.559534
11.627580
11.683445
11.726747
11.755800
11.748659
11.662317
11.740521
11.709815
11.693670
11.748056
11.698115
11.750465
11.745824
11.688239
11.723033
11.584208
11.482259
11.350183
11.222802
11.130869
10.976797
10.826295
10.677751
10.480749
10.360587
10.182089
10.028345
9.832455
9.695233
9.501745
9.372234
9.158114
8.894543
8.683091
8.475623
8.287314
8.068010
7.958242
7.746653
7.456526
7.167567
6.917955
6.633312
6.354226
6.084515
5.807092
5.485339
5.256710
5.077849
4.815569
4.566761
4.337569
4.102896
3.878220
3.662978
3.442766
3.227259
2.986602
2.769139
2.571078
2.362588
2.185161
2.015393
1.840860
1.672195
1.508996
1.368471
1.218880
1.097368
0.972521
0.870289
0.782068
0.698794
0.633135
0.578117
0.533911
0.499800
0.482155
0.471591
0.474054
0.489600
0.521345
0.572270
0.621053
0.711264
0.901710
1.074361
1.328782
1.648780
2.027117
2.443883
2.790715
1.634942
1.815298
1.988439
2.176779
2.371951
2.578646
2.790028
2.999892
3.151373
3.426194
3.540681
4.396474
4.630844
4.879202
5.176983
5.464693
5.748204
6.054686
6.367217
6.656651
6.961780
7.256220
7.574140
7.891839
8.248729
8.547124
8.814338
9.114889
9.416128
9.710885
10.023677
10.273815
10.600707
10.874772
11.156264
11.384426
11.626443
11.863160
12.095381
12.306483
12.534693
12.713248
12.890436
13.077444
13.195885
13.371696
13.509926
13.686398
13.725715
13.800023
13.887861
14.277563
14.286977
14.365635
14.377868
14.290811
14.232775
14.257670
14.249960
14.171449
14.104512
14.043239
14.000212
13.893582
13.785105
13.681619
13.551226
13.412905
13.230830
13.127693
12.932651
12.718018
12.527982
12.297884
12.073711
11.845499
11.603724
11.357974
11.122019
10.796987
10.539801
10.233189
10.023367
9.696110
9.432617
9.135730
8.845624
8.534205
8.271877
7.950871
7.629803
7.325086
7.036469
6.703061
6.412165
6.120733
5.857026
5.537063
5.259847
4.971394
4.692901
4.400511
4.123867
3.851691
3.602798
3.324658
3.090302
2.856034
2.628000
2.399618
2.201251
2.000421
1.811275
1.644046
1.495244
1.319989
1.185994
1.064691
0.942919
0.843197
0.751473
0.677543
0.615999
0.566692
0.535962
0.510948
0.503916
0.517205
0.532404
0.569743
0.629266
0.664433
0.729441
0.794844
0.837766
0.920547
1.008143
1.087271
1.210664
1.300414
1.820050
2.027278
2.260332
2.514343
2.789914
3.077643
3.394336
3.715168
4.095778
4.270969
4.517988
4.180429
4.443229
4.700019
4.969544
5.270602
5.553093
5.843354
6.142753
6.426517
6.720378
7.008886
7.299335
7.605154
7.882664
8.167031
8.470211
8.731520
9.034197
9.322360
9.607120
9.890963
10.153225
10.400075
10.650000
10.903927
11.141919
11.361153
11.589855
11.787047
11.994917
12.157883
12.353709
12.505753
12.637228
12.808110
12.928471
13.034975
13.104959
13.177955
13.199508
13.327422
13.393856
13.429316
13.550454
13.616687
13.573664
13.608611
13.578012
13.577415
