0.014255
0.011196
0.004676
0.001376
0.003028
0.013386
0.005908
0.001626
0.001625
0.001955
0.001669
0.001578
0.001602
0.002542
0.001573
0.001576
0.004786
0.001676
0.001907
0.001888
0.001634
0.001657
0.001708
0.001776
0.001735
0.001738
0.001793
0.001867
0.001898
0.001802
0.001851
0.001806
0.001670
0.003416
0.001857
0.001886
0.001955
0.002034
0.002035
0.001963
0.001904
0.001863
0.001881
0.001922
0.001935
0.001964
0.001894
0.001957
0.002043
0.002114
0.002169
0.001994
0.002093
0.001950
0.001835
0.001867
0.001972
0.001759
0.001754
0.001752
0.001769
0.001887
0.001857
0.001959
0.001933
0.001931
0.001959
0.001935
0.001857
0.001795
0.002189
0.002787
0.002889
0.003526
0.002869
0.002821
0.002652
0.002671
0.001992
0.002689
0.002541
0.002538
0.002848
0.002966
0.002273
0.002842
0.004552
0.002729
0.002852
0.003160
0.003011
0.003519
0.003400
0.003475
0.002573
0.002551
0.003136
0.002779
0.002627
0.002752
0.002656
0.002498
0.002443
0.003126
0.003181
0.002412
0.003160
0.002202
0.002670
0.002879
0.002831
0.003070
0.002491
0.003346
0.002746
0.002737
0.004036
0.003445
0.002778
0.003300
0.002935
0.002781
0.002498
0.003598
0.002916
0.002952
0.002038
0.002259
0.002601
0.002914
0.003495
0.002918
0.002665
0.003124
0.003347
0.002879
0.002350
0.002631
0.001926
0.001975
0.001760
0.001766
0.002525
0.002819
0.002099
0.002483
0.002403
0.001696
0.002292
0.002702
0.002269
0.002834
0.002807
0.003001
0.003039
0.002548
0.003018
0.003232
0.003054
0.003239
0.003749
0.004367
0.003743
0.003305
0.003253
0.003838
0.003279
0.002898
0.003318
0.003139
0.003532
0.003398
0.006998
0.004096
0.002934
0.003931
0.003465
0.003004
0.003054
0.007054
0.003066
0.002921
0.003305
0.003235
0.003418
0.003442
0.003035
0.002677
0.002896
0.002485
0.002602
0.002717
0.007428
0.003187
0.002543
0.002706
0.002732
0.002419
0.002468
0.002402
0.002922
0.003624
0.002531
0.002770
0.003408
0.003150
0.003003
0.003448
0.003322
0.002758
0.003019
0.002883
0.003049
0.003697
0.003874
0.003641
0.003626
0.003646
0.003349
0.003732
0.003715
0.003247
0.003342
0.003562
0.003485
0.003115
0.004124
0.003109
0.003504
0.003356
0.004494
0.003333
0.003731
0.004514
0.003492
0.002885
0.003543
0.002600
0.002462
0.002632
0.003235
0.002737
0.002450
0.002420
0.002466
0.002682
0.003023
0.002592
0.002804
0.001971
0.002996
0.002288
0.002886
0.002502
0.002847
0.002333
0.002974
0.004363
0.003308
0.004613
0.002480
0.002824
0.002962
0.002789
0.002635
0.002775
0.002675
0.002711
0.002759
0.002602
0.002184
0.002188
0.002869
0.002141
0.002028
0.002819
0.002192
0.004664
0.002100
0.002190
0.002687
0.002147
0.002566
0.002788
0.002141
0.002528
0.002296
0.002572
0.003169
0.002758
0.002609
0.002422
0.002687
0.002716
0.002831
0.002810
0.003253
0.003003
0.002597
0.002285
0.002522
0.002968
0.003601
0.007046
0.002989
0.003092
0.003039
0.002511
0.002672
0.003398
0.002739
0.002648
0.002858
0.002763
0.002632
0.003489
0.002603
0.002665
0.003071
0.002916
0.003393
0.002829
0.002757
0.003062
0.003305
0.002967
0.003355
0.003276
0.002890
0.003008
0.003315
0.003562
0.003429
0.004305
0.004313
0.004709
0.003639
0.004185
0.003735
0.003267
0.003438
0.003358
0.003065
0.002984
0.003270
0.002941
0.002812
0.003058
0.003281
0.003160
0.003393
0.003502
0.003021
0.003259
0.003294
0.003540
0.003417
0.002903
0.005086
0.005284
0.003811
0.003377
0.003272
0.002870
0.003308
0.003095
0.003447
0.003537
0.003144
0.003095
0.003805
0.002725
0.002797
0.002701
0.002771
0.002680
0.004018
0.002702
0.002656
0.002614
0.002703
0.002841
0.002578
0.003091
0.002359
0.002679
0.002544
0.002446
0.002022
0.002194
0.003457
0.002292
0.002551
0.002822
0.002173
0.002195
0.002129
0.002404
0.002521
0.002339
0.003109
0.002595
0.002330
0.002833
0.004983
0.002315
0.002463
0.002563
0.002473
0.002559
0.002025
0.002069
0.002047
0.002372
0.002096
0.003714
0.002931
0.002277
0.002703
0.002782
0.002807
0.002699
0.003368
0.002351
0.002286
0.002766
0.006168
0.002748
0.002835
0.002687
0.002553
0.002929
0.002146
0.002804
0.002641
0.002598
0.002318
0.002848
0.002320
0.002437
0.003073
0.003252
0.002543
0.002783
0.002591
0.002700
0.002876
0.002549
0.003092
0.002253
0.002729
0.002633
0.002540
0.003017
0.002803
0.003082
0.003122
0.002991
0.003053
0.003611
0.003767
0.003398
0.003390
0.003484
0.003191
0.003648
0.003405
0.003185
0.003341
0.004155
0.003735
0.003585
0.003563
0.003224
0.003547
0.003796
0.003294
0.002650
0.002922
0.002489
0.002928
0.002904
0.002921
0.003401
0.003257
0.003529
0.003658
0.003933
0.004046
0.004209
0.004936
0.003850
0.003638
0.003870
0.003478
0.003477
0.002855
0.003611
0.002830
