0.006683
0.002837
0.003656
0.002589
0.006572
0.006081
0.009693
0.001676
0.001618
0.002459
0.001554
0.001633
0.001635
0.001532
0.001567
0.001647
0.005721
0.002308
0.001873
0.001638
0.001788
0.004631
0.001766
0.001774
0.001788
0.001810
0.001985
0.002055
0.001698
0.001738
0.001719
0.001798
0.001986
0.002260
0.001812
0.001770
0.001896
0.001775
0.001784
0.001894
0.001893
0.002075
0.002155
0.002208
0.002343
0.002116
0.002118
0.002136
0.002169
0.002148
0.002083
0.002047
0.001973
0.002056
0.002077
0.002172
0.002107
0.002046
0.002081
0.002088
0.002049
0.002191
0.002162
0.003547
0.002009
0.001982
0.001893
0.001976
0.002053
0.002102
0.002193
0.002977
0.002237
0.002867
0.002518
0.002272
0.002226
0.002780
0.002641
0.002713
0.002063
0.002129
0.002212
0.001960
0.002220
0.002067
0.003484
0.002417
0.002165
0.002210
0.002469
0.003992
0.002563
0.002610
0.002392
0.002830
0.002597
0.002615
0.002237
0.002078
0.001993
0.001958
0.002161
0.002369
0.002254
0.002956
0.002693
0.002287
0.002626
0.001786
0.001748
0.002478
0.002570
0.002533
0.002565
0.002387
0.002342
0.001959
0.002567
0.003047
0.002884
0.002676
0.003947
0.003201
0.002675
0.003430
0.003137
0.002631
0.003157
0.002548
0.002593
0.003246
0.003580
0.003323
0.003596
0.004299
0.003876
0.002878
0.002902
0.002884
0.003582
0.002816
0.003396
0.003385
0.003272
0.002242
0.002230
0.002213
0.002520
0.002807
0.003713
0.003563
0.003355
0.002881
0.002835
0.003207
0.003104
0.002935
0.002387
0.002320
0.002800
0.002203
0.002300
0.002906
0.002954
0.002952
0.003233
0.002929
0.003517
0.003072
0.003363
0.003157
0.003251
0.002642
0.002716
0.002265
0.003189
0.002084
0.002680
0.002754
0.002187
0.002658
0.003001
0.003082
0.002935
0.002156
0.002008
0.003876
0.002328
0.002289
0.002681
0.002586
0.002558
0.002979
0.002811
0.003003
0.002548
0.002517
0.002036
0.002465
0.002808
0.002214
0.002296
0.002999
0.002249
0.002255
0.001818
0.002384
0.001747
0.001921
0.002132
0.002191
0.002773
0.002155
0.002125
0.001971
0.001758
0.002289
0.002508
0.002454
0.002665
0.001756
0.001985
0.002026
0.002209
0.002527
0.002197
0.002503
0.002472
0.002360
0.002974
0.002536
0.001963
0.002073
0.002130
0.002029
0.002272
0.002776
0.002734
0.002494
0.002683
0.002991
0.002940
0.002602
0.002499
0.003062
0.002889
0.003214
0.003176
0.003342
0.003274
0.002818
0.002965
0.003108
0.003366
0.006270
0.002783
0.002682
0.003175
0.002861
0.002564
0.002955
0.002607
0.002450
0.002851
0.003226
0.004041
0.002761
0.002599
0.003325
0.003292
0.002765
0.002923
0.003261
0.002447
0.003256
0.002839
0.002773
0.006189
0.006562
0.002651
0.008139
0.003523
0.003193
0.003331
0.003484
0.003062
0.003206
0.004008
0.002844
0.003175
0.002856
0.003441
0.003102
0.003146
0.003638
0.003091
0.003016
0.003183
0.003236
0.004277
0.002297
0.002094
0.004128
0.002985
0.006176
0.002734
0.002643
0.002467
0.002195
0.003359
0.002611
0.002899
0.003415
0.003227
0.003369
0.003307
0.002982
0.003119
0.003382
0.003194
0.003516
0.003087
0.006059
0.003421
0.002801
0.002889
0.002685
0.003123
0.003120
0.003705
0.003806
0.003290
0.003320
0.003100
0.002948
0.003296
0.002902
0.002984
0.003671
0.003543
0.002893
0.002797
0.003190
0.003186
0.003832
0.003182
0.003050
0.003175
0.003493
0.003089
0.003511
0.002897
0.003246
0.003596
0.003307
0.005135
0.003236
0.007613
0.004302
0.003916
0.004109
0.003768
0.004176
0.003894
0.003771
0.004197
0.003646
0.003470
0.003259
0.004224
0.003407
0.003225
0.003289
0.003074
0.003488
0.003706
0.003086
0.002951
0.003748
0.002837
0.003121
0.003775
0.005692
0.002737
0.003631
0.003552
0.003136
0.003750
0.003190
0.002577
0.002940
0.002687
0.002174
0.002517
0.002787
0.002329
0.005378
0.002741
0.002704
0.002781
0.002507
0.002723
0.002504
0.003088
0.002616
0.002143
0.002416
0.002394
0.002853
0.002534
0.003583
0.002672
0.002446
0.002268
0.002408
0.003132
0.002900
0.002388
0.002843
0.003354
0.002806
0.002527
0.002460
0.002803
0.003018
0.003024
0.002657
0.002562
0.002765
0.002733
0.002406
0.002433
0.002512
0.002199
0.002420
0.002446
0.002830
0.002089
0.003026
0.002526
0.003099
0.002258
0.002898
0.002714
0.003662
0.002654
0.002734
0.002414
0.002307
0.002321
0.002405
0.002602
0.002827
0.002735
0.002451
0.002793
0.003120
0.004062
0.002888
0.002819
0.002750
0.002655
0.002606
0.002867
0.002492
0.003439
0.002751
0.002510
0.003049
0.003374
0.003096
0.002162
0.002139
0.005127
0.002906
0.002336
0.002816
0.003901
0.004726
0.003175
0.003131
0.003393
0.002824
0.003243
0.003217
0.003585
0.003452
0.003500
0.003464
0.004460
0.003873
0.002988
0.003351
0.003074
0.003279
0.003503
0.002708
0.002714
