0.000670
0.003318
0.009683
0.023985
0.043412
0.062533
0.083161
0.119855
0.161307
0.189394
0.233484
0.271301
0.326803
0.345756
0.325651
0.241916
0.183301
0.133670
0.096099
0.076816
0.031779
0.007654
0.006763
0.044570
0.140638
0.209837
0.339535
0.457546
0.613519
0.783824
1.038393
1.340270
1.615355
2.969047
2.271003
3.094972
4.203602
4.722170
5.342817
6.101895
7.100951
8.067907
8.829492
9.766394
10.635682
11.552405
12.300926
13.628810
14.713135
15.465509
16.807462
18.340176
19.624238
20.614697
22.119689
23.109691
24.253065
25.266349
26.403025
27.443069
29.103703
30.378946
31.400379
32.512095
33.750994
34.778647
35.816410
36.722034
37.867340
38.716043
39.258616
39.573483
39.209125
38.706976
39.826560
40.581152
40.733818
40.843089
41.464863
41.751877
42.131300
42.357019
42.730316
43.033174
43.426137
43.800557
44.437986
44.574140
45.187876
45.276747
45.052253
45.012477
45.339161
45.656481
45.202812
45.132613
44.861966
44.811764
44.529056
44.370241
44.280734
44.233930
43.603923
44.738940
43.644547
43.066093
42.405431
43.135731
41.224019
38.462376
38.116002
37.530794
37.202144
35.652941
17.536444
20.242874
0.562425
376.766115
1491.538342
294.632081
