-0.003460	-0.002431	0.000517
-0.064053	1.939976	-0.106333
-0.071181	3.873994	-0.257523
-0.079572	5.808070	-0.412418
-0.084109	7.744682	-0.586718
-0.089928	9.686106	-0.773661
-0.095627	11.630859	-0.973096
-0.097751	13.580625	-1.186775
-0.111788	15.530451	-1.400427
-0.230062	17.473342	-1.629067
-0.315028	19.376674	-2.090839
-0.356650	21.237519	-2.717514
-0.348180	23.078182	-3.426438
-0.286838	24.935676	-4.125111
-0.174257	26.844420	-4.712049
-0.016938	28.816630	-5.080106
0.173391	30.826292	-5.129104
0.380160	32.806301	-4.788634
0.583796	34.666804	-4.040699
0.764916	36.329729	-2.925311
0.907554	37.760064	-1.522402
1.001071	38.977371	0.077720
1.008410	40.055887	1.787528
1.005827	41.132702	3.492455
1.001570	42.217581	5.191978
1.046202	43.308703	6.889130
1.090424	44.325457	8.632574
1.103617	45.260898	10.423763
0.784403	46.151101	12.252745
0.421037	47.555811	13.688071
0.039842	49.364016	14.511797
-0.330181	51.333803	14.588781
-0.313831	53.204816	13.937054
-0.267388	55.107843	13.317399
-0.218082	57.040644	12.787198
-0.171037	58.995612	12.353841
-0.123188	60.969651	12.009971
-0.072646	62.959748	11.763340
-0.024806	64.959570	11.613787
0.023317	66.960300	11.564112
0.071237	68.965314	11.608644
0.120490	70.961935	11.750158
0.167271	72.951264	11.987924
0.214782	74.922316	12.316943
0.263363	76.854644	12.727223
0.312390	78.786283	13.249928
0.361309	80.688905	13.865910
0.409706	82.569410	14.582315
0.452914	84.419191	15.379452
0.500230	86.226808	16.257791
0.547109	87.992329	17.218400
0.594481	89.736556	18.266968
0.581958	91.516036	19.504489
0.609193	93.093107	20.622162
0.696509	94.615704	21.841868
0.742746	96.047402	23.164984
0.777568	97.400563	24.548342
0.815449	98.685070	25.998407
0.830487	99.836458	27.476225
0.842488	100.929925	29.030638
0.825521	101.916196	30.630843
0.745465	102.790876	32.303716
1.603686	105.305920	35.045633
1.463244	105.550615	36.546362
-4.652375	105.695611	38.516568
0.422130	106.497934	39.745314
1.665076	108.132876	41.283222
1.919519	107.537337	43.532661
2.122640	106.181155	45.500087
2.173940	102.951126	46.948251
2.068555	99.517922	48.397096
1.451535	97.855655	50.211969
1.539884	97.428425	52.122784
1.843978	96.835042	54.117875
2.056267	96.101176	56.043291
2.110899	95.211321	57.807634
2.168277	94.252080	59.480582
2.227274	93.197971	61.026288
2.323718	92.111991	62.404853
2.426927	90.897330	63.555281
2.468549	89.264787	64.368413
2.392956	87.739742	65.061750
2.439578	85.663512	65.134342
2.380730	83.723354	65.196391
2.304293	81.809302	65.299913
2.025429	79.797012	65.203960
1.684255	77.665569	65.289465
1.961791	75.783109	65.417637
1.624439	73.962344	65.519629
1.184389	72.054028	65.258199
0.215928	69.838544	65.090299
-1.948799	67.936428	65.107025
1.836079	66.645229	64.514314
1.652682	64.789960	64.368114
1.702184	62.795770	64.107528
2.538528	60.521920	64.379588
2.698097	58.348523	64.452653
2.730131	56.519156	64.578742
3.005966	54.596331	64.583715
3.200076	52.648253	64.437342
3.271406	50.702805	64.177246
3.416079	48.789161	63.873054
3.485143	46.902972	63.384027
3.492572	44.953733	62.770528
3.533039	43.056185	62.100210
3.575664	41.131954	61.375147
3.623527	39.299023	60.535938
3.669489	37.507958	59.603497
3.717872	35.769266	58.594243
3.765733	34.075450	57.504818
3.814302	32.436199	56.341245
3.859801	30.853420	55.096443
3.904362	29.319566	53.773047
3.952439	27.862369	52.382531
4.001153	26.473348	50.925889
4.049818	25.158438	49.400678
4.097512	23.923410	47.817344
4.146659	22.765193	46.177605
4.193147	21.696581	44.491192
4.240531	20.694526	42.745535
4.289471	19.779393	40.954039
4.335757	18.953538	39.116827
4.384060	18.214107	37.244618
4.432525	17.567118	35.345309
4.480873	17.011468	33.412149
4.528201	16.547598	31.449299
4.578794	16.181243	29.471573
4.625625	15.909655	27.480425
4.673084	15.738308	25.482393
4.720122	15.660446	23.470791
4.766544	15.672501	21.456035
4.813803	15.776097	19.444330
4.862059	15.974946	17.438582
4.908483	16.272067	15.450242
4.957559	16.663632	13.476177
5.006236	17.150147	11.524018
5.054791	17.731104	9.597499
5.103060	18.401961	7.710038
5.148532	19.164062	5.847326
5.193218	20.009842	4.022617
5.244946	20.902861	2.247084
5.352959	21.882625	0.530303
5.509557	23.042192	-1.066811
5.704765	24.437796	-2.458337
5.926599	26.076866	-3.545278
6.161709	27.915171	-4.236755
6.396282	29.867513	-4.472886
6.617032	31.830320	-4.239982
6.812052	33.708583	-3.572193
6.971388	35.437834	-2.540431
7.087290	36.995221	-1.234956
7.141809	38.404886	0.239824
7.188546	39.737621	1.779727
7.231866	40.999011	3.376680
7.279149	42.186878	5.029354
7.326679	43.297358	6.733853
7.371494	44.325158	8.489429
7.381380	45.272017	10.291935
7.078938	46.182446	12.127233
6.727055	47.577222	13.585943
6.343991	49.366736	14.457085
5.953259	51.335123	14.583648
5.967746	53.205895	13.936926
6.014810	55.106956	13.319055
6.063399	57.040615	12.787284
6.113853	58.993370	12.350877
6.160459	60.968461	12.012910
6.209053	62.962701	11.762568
6.256801	64.957409	11.614213
6.305770	66.960612	11.561522
6.354931	68.964062	11.609288
6.405198	70.963253	11.750072
6.450638	72.951066	11.989258
6.497746	74.922394	12.317535
6.546850	76.855781	12.727774
6.595858	78.785942	13.248926
6.645848	80.690262	13.866736
6.693088	82.569872	14.581908
6.736147	84.415975	15.378578
6.783852	86.227442	16.257772
6.830397	87.992929	17.219888
6.878228	89.735939	18.265757
6.865215	91.514474	19.507235
6.892052	93.092470	20.619433
6.980920	94.616283	21.842388
7.025123	96.048900	23.165524
7.059571	97.400543	24.549739
7.097039	98.684124	25.998244
7.112619	99.838241	27.475221
7.125988	100.930387	29.031868
7.115327	101.906007	30.635574
7.027355	102.629866	32.382964
5.320771	103.245366	35.433388
1.852560	105.379780	36.516100
1.804945	105.024294	38.477287
5.451944	100.628413	38.353281
2.560257	100.467491	40.294945
5.250629	98.492519	42.143262
6.513610	98.167329	44.091517
6.891036	98.151986	46.218324
7.154945	98.020523	48.243276
7.678548	97.919332	50.207981
7.824120	97.447142	52.122765
8.127933	96.835931	54.117033
8.339878	96.101507	56.041045
8.394722	95.210143	57.807941
8.451420	94.250621	59.480372
8.511118	93.198519	61.027314
8.605854	92.110652	62.404511
8.710018	90.897373	63.555539
8.751993	89.265376	64.368439
8.674800	87.739180	65.062463
8.722738	85.662261	65.133096
8.665719	83.723542	65.196383
8.586516	81.809233	65.298308
8.307814	79.797027	65.204804
7.950611	77.666215	65.284516
8.245131	75.782770	65.416488
7.899102	73.959517	65.520544
7.337716	72.027942	65.286464
3.386485	70.021834	65.437188
3.021107	68.112144	65.130550
7.991919	66.448617	64.747032
7.916157	64.782334	64.385079
7.874972	62.807151	64.088526
8.813900	60.531517	64.377861
8.976700	58.349556	64.453336
9.013519	56.519717	64.580628
9.288639	54.595615	64.581671
9.482511	52.647186	64.436920
9.554026	50.702782	64.177515
9.698131	48.789029	63.872359
9.767446	46.903267	63.385367
9.774950	44.954075	62.772586
9.816587	43.056593	62.100929
9.858763	41.131691	61.373752
9.899329	39.300599	60.533089
9.953454	37.508948	59.604568
10.001322	35.767863	58.594747
10.048875	34.074281	57.503120
10.096161	32.436934	56.340062
10.143026	30.853552	55.097980
10.187944	29.320331	53.772757
10.235669	27.861326	52.383455
10.285063	26.472079	50.923886
10.331816	25.161014	49.401876
10.380819	23.921371	47.816059
10.428287	22.764530	46.176484
10.476216	21.695322	44.491063
10.524017	20.696110	42.745035
10.570966	19.778593	40.951740
10.621000	18.952104	39.118539
10.668411	18.213800	37.245762
10.715756	17.567399	35.344141
10.764177	17.013397	33.411715
10.811730	16.549754	31.447167
10.860120	16.182639	29.470683
10.908244	15.911759	27.479818
10.956315	15.739365	25.480222
11.003694	15.658456	23.470905
11.049842	15.672014	21.457415
11.098271	15.772249	19.441315
11.144161	15.976508	17.440757
11.193470	16.272347	15.450466
11.241013	16.662508	13.476027
11.288846	17.149066	11.522753
11.337643	17.729481	9.598596
11.385507	18.401742	7.708608
11.431242	19.164559	5.846446
11.477116	20.007797	4.023335
11.528431	20.901980	2.248489
11.636175	21.882155	0.532038
11.792634	23.041668	-1.065019
11.987812	24.437021	-2.456682
12.209692	26.075838	-3.543833
12.444883	27.913972	-4.235462
12.679530	29.866205	-4.471592
12.900304	31.828900	-4.238540
13.095265	33.707018	-3.570558
13.254434	35.436156	-2.538717
13.370046	36.993632	-1.233435
13.424538	38.403850	0.240626
13.469817	39.736955	1.780389
13.514842	40.999571	3.377034
13.565224	42.189269	5.027457
13.608228	43.293747	6.736263
13.653506	44.324176	8.490152
13.663894	45.269036	10.293721
13.361465	46.180652	12.128308
13.009716	47.576340	13.585994
12.626950	49.366255	14.456095
12.236698	51.334617	14.582123
12.250965	53.206236	13.937623
12.299338	55.108488	13.315402
12.347125	57.039300	12.787588
12.395928	58.995534	12.350196
12.444648	60.968618	12.008022
12.492623	62.961964	11.763598
12.541249	64.959801	11.614713
12.589539	66.960995	11.564773
