0.704082
0.797642
0.654370
0.666751
0.707584
0.758253
0.640613
0.567311
0.914974
0.578120
0.530189
0.505339
0.454587
0.420757
0.531334
0.343086
0.618531
0.648628
0.803760
0.395175
0.381680
0.343077
0.609492
0.343144
0.748557
0.557733
1.088966
0.499719
0.533199
0.343384
0.460203
0.459759
0.369820
0.632682
0.597636
0.483681
0.460999
0.439141
0.383646
0.424708
0.379368
0.366876
0.356884
0.420665
0.345113
0.388643
0.348730
0.368313
0.436342
0.447355
0.447447
0.344736
0.359916
0.346303
0.395296
0.348120
0.477378
0.422322
0.401687
0.383731
0.307578
0.330770
0.402204
0.345759
0.458374
0.348262
0.336955
0.350057
0.359327
0.346074
0.351161
0.362928
0.484267
0.542417
0.384829
0.384689
0.754010
0.434075
0.346480
0.370951
0.400487
0.382511
0.382696
0.346034
0.345023
0.544214
0.505072
0.449496
0.382936
0.387511
0.344801
0.395380
0.461598
0.350183
0.349971
0.511454
0.382472
0.404269
0.376035
0.346644
0.384084
0.555214
0.560373
0.403465
0.492680
0.331966
0.386898
0.992347
0.784022
0.742672
1.406667
0.678354
0.500780
0.462883
0.580768
0.348697
0.349221
0.441630
0.407685
0.367561
0.355183
0.485584
0.387589
0.502609
0.354015
0.381965
0.525141
0.385467
0.589677
0.540109
0.488199
0.637421
0.503589
0.349150
0.422688
0.328368
0.437053
0.514968
0.311920
0.435615
0.411463
0.456532
0.488673
0.468584
0.484655
0.422966
0.388439
0.389837
0.429161
0.465918
0.486110
0.478832
0.750757
0.883151
0.341741
0.347029
0.562719
0.443117
0.550291
0.391715
0.680331
0.767860
0.376944
0.436739
0.577741
0.368212
0.442332
0.354264
0.404257
0.629247
0.927892
0.367284
0.395803
0.465828
0.344003
0.455280
0.895473
0.541793
0.754688
0.446541
0.336649
0.405504
0.685911
0.354689
0.396895
0.469665
0.443883
0.620368
0.360313
0.431607
0.472313
0.778360
0.542942
0.676577
0.425392
0.807861
0.681893
0.994442
0.808864
0.462885
0.435892
0.509706
0.680439
0.579327
0.549134
0.814676
0.434592
0.548264
0.550757
0.437202
0.411413
0.662563
0.777944
1.267368
1.376063
0.853755
0.763492
0.535993
0.536640
0.754554
0.825016
0.717884
0.360143
0.712898
0.852296
0.516450
0.478010
0.459563
0.410917
0.568088
0.644083
0.570338
1.115587
0.661279
0.422758
0.837537
0.481377
0.465922
0.359750
0.540452
0.717828
0.590158
2.079843
0.479466
0.637148
0.404481
0.405401
0.458203
0.403440
0.401428
0.434240
0.362161
3.003504
0.400336
0.666148
0.529543
0.565924
0.637138
0.377730
0.527307
0.795763
0.377686
0.400636
0.380650
0.326567
0.485080
0.411000
0.438158
0.506646
0.532489
0.735674
0.872186
0.702964
0.442479
0.811311
0.567631
0.389324
0.433946
0.466272
1.193814
0.687530
0.710279
1.135028
1.054687
0.673289
0.715515
0.417505
0.541257
0.414836
0.416583
0.580490
0.908555
0.487013
1.012023
1.286936
0.714772
0.352339
0.468922
0.324460
0.330913
0.387989
0.380575
0.394005
0.402065
0.320918
0.464876
0.541240
0.364158
0.377009
0.392632
0.612188
0.424290
0.377899
0.881293
0.570720
0.471899
0.382507
0.400444
0.400114
0.381459
0.368581
0.444557
0.547923
0.488922
0.349887
0.421945
0.396956
0.393527
0.355078
0.475858
0.360789
0.440235
0.348117
0.352228
0.392136
0.476684
0.396444
0.340563
0.468355
0.405286
0.447297
0.687569
0.310216
0.438034
0.419975
0.593206
0.481055
0.424393
0.394808
0.390859
0.498078
0.392130
0.438372
0.389870
0.425003
0.388382
0.444464
0.392066
0.439316
0.417082
0.476026
0.519708
0.441498
0.462056
0.690189
0.391427
0.464012
0.426013
0.354710
0.350504
0.440679
0.404667
0.364037
0.371378
0.449932
0.439743
0.543539
0.572955
0.376134
0.393775
0.578067
0.401936
0.393322
0.434881
0.730685
0.394625
0.718262
0.617269
0.912063
1.080867
0.415779
0.474919
0.492085
0.377577
0.465795
0.352767
0.433116
0.354504
0.521635
0.798230
0.396898
0.409610
0.632760
0.525010
0.791078
0.394593
0.949171
0.436340
0.484676
0.407068
0.488504
0.562200
0.420499
0.428532
0.442897
0.369545
0.380175
0.519587
0.452101
0.469713
0.504663
0.485801
0.418359
0.457854
0.461729
0.501721
0.471123
0.383877
0.421476
0.405062
0.442922
0.627904
0.494891
0.575681
0.452227
0.554998
0.608087
0.413189
0.406059
0.462707
0.441271
0.426503
0.570144
0.400155
0.626173
0.386555
0.860496
0.546844
0.400275
0.700160
0.495206
0.697025
0.501076
0.528776
0.423041
0.445884
0.420220
0.405581
0.467344
0.719804
0.422208
0.594250
0.398037
0.401537
0.417444
0.443375
0.398494
0.900232
0.563924
0.730001
0.447027
0.528374
0.378279
0.465114
0.416444
0.421464
0.465237
0.502862
0.500182
0.681337
0.479894
0.464644
0.469419
0.403413
0.453804
0.526818
0.397373
0.666231
0.441978
0.531217
0.404567
0.539955
0.428854
0.417349
0.442553
0.426629
0.462667
0.523140
0.674437
