0.014200
0.006623
0.006434
0.001447
0.001786
0.001556
0.003436
0.002003
0.002131
0.001950
0.001490
0.001206
0.001442
0.001259
0.001326
0.001527
0.001210
0.001377
0.001189
0.001352
0.004587
0.007170
0.001715
0.002198
0.001418
0.001468
0.001409
0.001380
0.001613
0.001347
0.005570
0.004977
0.001788
0.001617
0.001706
0.001675
0.001735
0.001805
0.002018
0.001929
0.004869
0.002249
0.001979
0.002187
0.002126
0.002282
0.002250
0.002220
0.002287
0.002228
0.003425
0.002008
0.001987
0.002124
0.002131
0.002325
0.002076
0.001965
0.001892
0.001916
0.002108
0.002107
0.002040
0.001642
0.001655
0.002280
0.001780
0.002526
0.002051
0.002511
0.002305
0.002912
0.002844
0.002693
0.002679
0.002796
0.002820
0.002837
0.006413
0.005969
0.002795
0.003139
0.003357
0.002728
0.003324
0.003576
0.003150
0.002652
0.003257
0.002654
0.003096
0.003475
0.002701
0.002969
0.002714
0.002087
0.002443
0.002720
0.002411
0.005541
0.003191
0.003149
0.003082
0.002884
0.003052
0.003334
0.003452
0.002528
0.002688
0.002949
0.002721
0.003090
0.003144
0.003317
0.003129
0.002525
0.003024
0.002913
0.002151
0.002150
0.002739
0.002450
0.002620
0.002467
0.002594
0.002308
0.001944
0.002522
0.002637
0.003083
0.002926
0.002471
0.002237
0.002622
0.003256
0.002060
0.002212
0.002885
0.002566
0.002398
0.002354
0.002610
0.002434
0.002692
0.003791
0.002699
0.002512
0.002262
0.002318
0.001922
0.001950
0.001933
0.001915
0.001899
0.001961
0.001524
0.001791
0.003657
0.001566
0.002126
0.002215
0.002117
0.002172
0.002519
0.001943
0.002300
0.002093
0.001921
0.002924
0.001875
0.002411
0.002426
0.002192
0.002512
0.001836
0.002514
0.002432
0.002287
0.002506
0.005505
0.002841
0.003114
0.003075
0.003140
0.003163
0.003176
0.003332
0.003361
0.003356
0.003379
0.003772
0.002605
0.002891
0.003118
0.003079
0.003337
0.002987
0.002366
0.002798
0.002783
0.002758
0.002309
0.002683
0.002507
0.002471
0.002484
0.002656
0.002691
0.002362
0.002811
0.002963
0.003220
0.003105
0.002947
0.002972
0.003700
0.003113
0.003145
0.003509
0.003243
0.003844
0.003495
0.003987
0.004133
0.003033
0.003736
0.002915
0.003501
0.003495
0.003279
0.003175
0.003149
0.003300
0.003424
0.002991
0.002655
0.002882
0.002927
0.003100
0.004043
0.003576
0.003799
0.003146
0.003009
0.003128
0.003301
0.003371
0.003118
0.003073
0.002952
0.003080
0.003625
0.003296
0.002876
0.003209
0.002932
0.002836
0.002893
0.003022
0.003058
0.003951
0.002407
0.003091
0.002916
0.002670
0.002496
0.002706
0.002725
0.003244
0.003164
0.002852
0.001965
0.002639
0.002144
0.003076
0.002279
0.002761
0.002609
0.003805
0.002515
0.001863
0.002326
0.002425
0.003092
0.002456
0.002509
0.002442
0.002376
0.002437
0.001909
0.001905
0.002200
0.001889
0.001908
0.001764
0.001785
0.002020
0.001894
0.001297
0.001891
0.002313
0.001705
0.002116
0.002099
0.002102
0.001971
0.002100
0.002288
0.002230
0.001527
0.002231
0.002381
0.003408
0.002704
0.002626
0.002631
0.002704
0.002273
0.002990
0.003020
0.002891
0.003678
0.002998
0.006649
0.002744
0.003063
0.003267
0.003126
0.003110
0.002762
0.003565
0.002991
0.003812
0.003098
0.003138
0.003083
0.002407
0.002462
0.002447
0.002853
0.002908
0.005930
0.002620
0.001904
0.002885
0.002815
0.002862
0.002726
0.002640
0.002959
0.002698
0.002863
0.003531
0.002440
0.003184
0.002944
0.002708
0.003095
0.003552
0.004183
0.003600
0.003460
0.003779
0.003426
0.003625
0.003575
0.003482
0.003487
0.003477
0.003203
0.002881
0.003449
0.003368
0.002705
0.002813
0.002460
0.002818
0.003828
0.003032
0.003020
0.003230
0.003252
0.003310
0.006206
0.003631
0.003191
0.002842
0.003559
0.002733
0.003145
0.003416
0.003234
0.003352
0.003374
0.003141
0.002626
0.002970
0.002872
0.002693
0.002777
0.002717
0.003047
0.002814
0.002942
0.002637
0.002675
0.002433
0.002580
0.002322
0.003115
0.003017
0.002517
0.002418
0.002698
0.002640
0.002562
0.005040
0.002687
0.002212
0.002432
0.001935
0.002160
0.002649
0.002396
0.002423
0.002367
0.002186
0.002293
0.004170
0.001915
0.001894
0.001674
0.001327
0.001799
0.001942
0.001889
0.001541
0.001938
0.002024
0.002373
0.002187
0.002107
0.001983
0.002032
0.002105
0.002095
0.002091
0.001848
0.001985
0.001607
0.002361
0.002589
0.002496
0.002499
0.002022
0.002540
0.002647
0.002388
0.002943
0.002874
0.002514
0.002738
0.002759
0.003099
0.003126
0.003356
0.003523
0.003156
0.003695
0.002805
0.003184
0.002936
0.002957
0.004130
0.003337
0.003199
0.002613
0.002753
0.002946
0.002951
0.002789
0.002783
0.002689
0.002473
0.002458
0.002444
0.002635
0.002610
0.002056
0.002959
0.002904
0.003083
0.002864
0.002926
0.003021
0.004112
0.002659
0.003052
0.003493
