1.487406
0.940489
0.635888
1.648738
0.983573
0.762542
0.940430
0.940088
0.719715
0.903110
1.082507
0.926171
1.378856
1.119541
1.047993
1.280259
1.333920
1.381717
1.266707
1.079008
1.606086
1.093992
2.175876
1.004960
1.636651
6.581268
3.126181
1.223045
6.941061
2.322475
1.691960
1.359382
1.694130
1.436641
1.135241
1.098664
1.673013
1.899562
1.555746
1.262737
2.137813
0.819230
0.951481
0.802136
1.568851
1.318133
2.017830
1.384193
1.228517
1.156362
1.353075
1.613354
2.335520
1.888679
1.531541
1.365236
2.047786
1.245699
1.724396
1.750539
0.809574
0.764791
0.790549
0.787896
1.470613
1.326465
1.206892
1.441054
1.074363
1.347581
1.797194
1.438561
2.003003
1.353874
1.508020
1.703333
1.149287
1.759127
1.866353
1.015845
0.697772
0.846008
1.566977
1.281619
0.901996
0.886475
0.766701
1.473138
1.242646
1.533489
1.508633
1.500027
1.456488
2.946603
1.924061
2.019905
1.289490
1.794687
0.779233
1.966687
0.890752
0.896256
1.036099
1.254940
0.950247
1.721149
1.782199
2.323955
2.619569
1.442859
1.560139
0.991658
1.690378
0.841680
0.988518
2.192335
1.465219
1.637178
1.098716
1.287042
0.834471
1.912379
2.259897
1.449453
1.443540
1.362958
0.850897
1.257785
0.882629
1.015000
2.747480
0.879848
1.282533
0.852863
2.991469
2.880070
1.866968
1.742552
1.773431
1.176717
2.135152
1.121137
1.322753
1.559603
1.915798
2.142325
2.413475
0.926798
1.356923
1.253400
1.805274
1.955878
2.071440
3.150811
2.353558
3.422620
2.471461
3.951320
1.091813
1.770841
1.741500
1.749086
1.861376
2.331142
3.134410
1.116556
2.113235
1.910170
2.704759
1.578142
2.108880
3.533393
1.463280
0.945230
2.490666
2.318778
1.557555
1.342140
3.824738
2.446750
2.990613
1.946454
1.562526
2.326036
2.017354
1.449631
2.011460
2.050826
1.381257
1.693196
2.864137
2.948493
2.442304
1.377258
1.691991
2.216310
1.407950
2.601400
3.100300
3.562891
3.180997
1.805866
1.787372
5.096229
3.218493
3.636387
2.565028
2.361767
1.793504
2.468697
1.198171
4.310319
2.925844
3.892372
2.404514
2.377598
2.816601
2.744047
6.416377
4.056427
2.355729
2.420867
2.028541
2.352860
1.806765
4.785447
3.023634
1.415280
4.010041
3.486868
6.747167
4.329453
4.012301
4.044943
3.016056
4.380465
2.623734
3.352018
4.628814
5.407407
3.243343
2.620174
2.745486
2.393453
1.959175
2.487239
2.079463
3.653297
1.871370
2.504427
1.640642
4.556644
3.954262
1.666145
1.699667
2.357498
1.622378
3.230545
3.999216
2.398590
2.968344
3.993442
4.593595
5.184122
3.820832
3.605303
4.995296
4.750460
3.526251
4.935926
5.277638
3.971766
4.121972
3.280184
1.653667
1.562004
2.421940
3.148014
1.712534
5.182146
3.814525
2.739982
5.081136
4.108526
4.868279
4.319723
3.473754
3.066924
3.893497
3.721329
4.258817
3.286411
5.358336
5.026961
6.708697
9.084887
9.806844
3.844435
4.033381
4.692297
4.058902
4.787282
2.121990
5.703969
2.359319
3.358429
5.549037
5.090739
12.732586
3.963949
2.348351
3.781747
2.764009
2.552551
2.894825
2.255408
6.234513
4.097553
5.316902
3.403024
3.624112
6.814894
8.783317
5.418339
2.594358
2.420297
2.192191
4.990568
5.470713
4.721297
4.498357
4.906628
5.972003
7.761565
8.195313
4.435061
7.266407
7.136903
7.921813
6.865423
5.705693
4.313363
5.706105
4.379092
3.183863
3.702111
2.555068
6.570311
5.187815
9.299726
4.661645
8.580217
11.530599
5.487288
6.372778
4.674928
7.321315
3.033537
4.477705
4.943408
8.733964
6.791719
7.032929
5.084964
7.711899
6.573156
7.023517
8.177299
4.053435
8.914179
5.251612
4.166129
4.939354
5.486150
3.865212
8.038842
5.907579
6.916116
15.629515
4.944913
5.937307
10.573727
9.957199
7.947851
10.183907
8.019253
8.271209
6.222669
7.143460
7.099423
6.742961
8.291215
8.740549
13.685262
16.820134
7.839907
2.610599
3.041989
4.685966
5.045586
7.473998
7.574711
7.844862
7.748392
8.516874
9.198576
10.546265
7.537859
7.051124
8.251167
9.041560
6.590200
10.142593
8.931563
7.042712
10.103071
7.950421
6.798058
9.177454
6.559586
7.863093
6.876950
7.520402
10.219743
4.141341
5.066734
4.479153
9.993657
9.388962
11.943631
18.432965
10.690776
12.328981
11.409368
8.902148
8.245725
9.292586
3.033929
5.488810
4.599368
10.349824
9.849819
9.325824
10.569287
8.216719
8.152225
8.070363
11.087217
7.573838
10.922788
9.693359
8.222850
7.723514
5.632009
4.357162
8.752063
4.199523
5.409682
4.459429
10.619319
8.038107
7.487579
4.481244
12.161431
4.320976
4.281177
7.911323
12.634705
3.619135
4.401771
5.040134
5.547695
3.820149
4.211485
5.221936
4.553945
3.179308
4.401046
8.107526
10.795109
4.455996
7.094261
4.947648
10.758588
8.406080
12.125283
5.099580
5.964965
6.304598
4.558126
7.073617
5.942994
5.315939
6.372775
5.312450
5.092409
11.284710
13.442718
4.958289
