0.712206
0.579923
0.553000
0.437650
0.531289
0.541162
0.439810
0.464005
0.872275
0.677445
0.472227
0.457428
0.388290
0.441370
0.478286
0.564093
0.587802
0.491630
0.414418
0.541419
0.845003
0.458524
1.296112
0.880756
1.034750
0.466013
0.444551
0.461690
0.743336
3.751920
0.550022
0.540569
0.706248
0.705292
0.715012
0.863546
0.558378
0.456830
1.000666
0.585849
0.478328
0.482085
0.898796
0.855236
0.881412
0.938672
1.221942
0.771051
0.859266
0.926880
0.948948
1.280699
1.198544
0.798522
0.637801
0.617566
0.550029
1.121181
0.891619
0.498045
0.662252
0.996398
0.626123
0.714145
0.688353
0.543426
0.882110
0.878421
0.982665
0.709871
0.611459
0.622840
0.607236
0.930840
0.753032
0.631238
0.908454
0.553083
1.551008
0.544376
0.896845
0.687008
0.570198
1.073624
1.044998
1.282394
0.985857
0.869778
1.252423
0.740569
0.716014
1.441263
0.939292
0.870178
0.682379
1.541388
1.684341
1.468686
0.967049
1.571819
0.762753
0.731059
0.738949
1.032422
1.035548
1.079377
2.070417
0.964296
0.924605
1.084083
1.541672
0.694537
1.960545
0.818929
0.898407
1.578261
2.256241
1.745928
1.657357
1.554688
1.471007
1.566804
0.887096
1.149233
0.997778
1.139627
1.618944
1.481161
1.636167
1.698936
1.542121
1.386698
1.875969
0.668182
0.902603
1.702042
0.962909
0.786727
1.662243
2.223996
2.010019
2.349482
0.947841
0.820865
1.902853
1.457754
1.014402
1.413534
1.753731
1.498305
2.319198
1.356803
1.733732
2.104714
0.931493
1.398831
1.535217
2.263302
0.864406
0.841442
1.543545
3.052010
2.670869
1.793380
1.970063
2.282575
1.131756
1.025456
1.104100
1.048152
2.701766
2.006452
4.285006
1.695552
2.640527
2.239322
3.253761
1.637823
2.647525
2.217100
1.694717
1.493918
1.005117
2.361416
3.314900
1.681322
1.760323
3.336609
1.600986
1.938445
2.823283
1.892551
2.353430
2.044932
2.935189
3.084107
1.382113
1.757606
1.523141
2.108049
4.261096
4.097082
2.865871
3.433476
2.866463
3.978144
1.426214
1.319639
1.267910
1.612651
1.366944
2.958045
2.726700
2.638002
2.103859
2.981824
2.687137
1.349045
1.447504
1.694226
1.595076
2.371022
1.685687
3.980437
3.434569
2.446621
4.044474
3.996970
2.323881
2.649339
1.460428
1.745650
1.505607
3.737568
4.476062
3.744961
4.660766
2.295740
3.879767
2.792194
3.567199
4.124150
3.385293
5.050706
2.620818
3.105584
2.364253
2.099951
4.608329
4.050114
1.982082
3.380386
2.842361
3.847271
3.135437
4.435546
3.770587
3.901848
4.028380
7.820500
2.831456
3.191021
6.093003
3.820188
3.881957
6.128725
4.302314
1.685618
2.433601
1.911438
4.079691
4.916811
4.441298
3.753203
4.242348
4.570028
7.037205
4.013261
6.390645
4.162330
5.637139
4.346723
4.565297
5.516822
6.220513
1.866032
4.275650
2.356705
2.771369
3.590980
4.075039
6.126304
4.729436
3.196774
5.435780
3.980644
1.899927
2.589282
2.079576
4.952126
3.639504
3.579360
3.175478
5.699814
5.566341
4.723916
5.408150
3.407720
4.171030
3.929385
4.890157
6.025081
2.268218
6.679256
5.411728
2.170944
2.501154
2.425080
8.333855
5.364584
6.335678
6.794021
4.674170
6.011060
7.162246
2.793013
5.877184
2.965768
3.009847
7.785222
4.195068
9.536665
6.156138
4.069979
5.525057
2.415614
3.060224
2.626901
4.811134
4.815686
7.599770
3.544966
5.600027
4.322752
6.348124
4.690595
4.343261
2.204347
4.516505
2.946171
2.899155
4.991578
4.626616
5.615462
5.883184
5.919208
7.867713
7.209807
6.583107
7.632434
2.587292
3.423256
3.219261
7.050949
5.699870
5.441956
5.663080
5.546383
5.691841
5.544540
6.448106
7.710716
2.808618
5.258105
2.876538
4.326336
9.272083
5.668590
7.287266
5.953244
6.256638
5.050113
7.753572
5.860738
2.634980
3.323933
3.678453
3.511934
9.496730
7.809174
7.222599
11.430256
7.971902
8.916355
6.685755
8.912045
2.865325
3.887652
3.290673
5.259528
6.294963
5.883265
6.416576
3.058119
12.017104
4.468607
6.080165
5.389604
3.517209
3.737938
3.838584
3.917572
7.319819
12.858124
7.985452
10.376977
4.476668
8.776655
5.797927
6.577732
3.484800
6.567419
4.379942
3.081650
7.364313
8.479497
9.100036
7.205440
6.309823
6.032886
7.162064
9.664649
3.850664
4.795084
3.713537
3.636040
6.847855
7.094267
7.057251
10.292923
11.772244
8.820703
11.650946
3.925960
3.769536
4.487683
3.612992
4.928029
10.561969
9.729099
5.305455
10.436299
5.231589
7.351143
11.118282
6.387180
3.750730
6.344740
3.962087
12.262181
7.464776
13.717325
8.678101
10.078034
7.893802
6.991909
5.564401
5.402453
4.571384
4.999102
4.127089
6.510154
11.190391
8.805631
9.582439
9.516615
5.057345
12.016637
13.767731
7.862448
3.627773
4.406468
4.108445
4.641535
14.767402
8.263789
4.920315
4.869650
8.093673
8.389411
7.715724
10.367989
4.311825
6.028647
4.495958
6.334310
22.652394
8.967968
10.056448
