0.000000
0.001436
0.000637
0.000560
0.000492
0.000225
0.000090
0.000480
0.000029
0.000625
0.000573
0.000038
0.000173
0.000303
0.000129
0.000163
0.000077
0.000124
0.000112
0.000097
0.000808
0.000140
0.000124
0.000054
0.001738
0.000561
0.000130
0.000721
0.001335
0.000107
0.000516
0.000073
0.000270
0.000016
0.000318
0.000387
0.000197
0.000214
0.000445
0.000114
0.000399
0.000205
0.000522
0.000479
0.000608
0.000223
0.000468
0.000333
0.000018
0.000035
0.000379
0.000526
0.000413
0.000310
0.000421
0.000167
0.000231
0.000105
0.002110
0.000343
0.001224
0.000381
0.000620
0.000513
0.000348
0.000127
0.000714
0.000099
0.000388
0.000047
0.000013
0.000101
0.000278
0.001054
0.000046
0.000288
0.000127
0.000186
0.000353
0.000251
0.000155
0.000105
0.000049
0.000125
0.000455
0.000725
0.000042
0.000298
0.000270
0.000111
0.000104
0.001231
0.000758
0.000280
0.000384
0.000119
0.000591
0.001101
0.000250
0.000292
0.000374
0.000024
0.000307
0.000048
0.000377
0.000063
0.000159
0.000019
0.000142
0.000441
0.000367
0.000050
0.000168
0.000587
0.000698
0.000185
0.000242
0.000467
0.000236
0.000069
0.000737
0.000659
0.000229
0.000420
0.001007
0.000090
0.000083
0.000905
0.000268
0.000171
0.000238
0.000265
0.000761
0.000504
0.000253
0.000668
0.000301
0.000227
0.000043
0.000535
0.000553
0.000386
0.000061
0.000243
0.000130
0.000181
0.000470
0.000078
0.000112
0.000233
0.000142
0.000596
0.000594
0.000092
0.000061
0.001039
0.000030
0.000284
0.000568
0.000819
0.000271
0.000104
0.000020
0.000027
0.000346
0.000117
0.000109
0.000178
0.000281
0.000144
0.000442
0.000577
0.000076
0.000292
0.000027
0.000286
0.000255
0.000234
0.000230
0.000550
0.000172
0.000625
0.000123
0.000125
0.000016
0.000201
0.000555
0.000210
0.000192
0.000218
0.000067
0.000243
0.000201
0.000828
0.000132
0.000111
0.000044
0.000626
0.000824
0.000254
0.000217
0.000223
0.000180
0.000033
0.000405
0.000307
0.000132
0.000019
0.000291
0.000196
0.000144
0.000224
0.000121
0.000075
0.000105
0.000016
0.000585
0.000555
0.000159
0.000313
0.000843
0.000295
0.000240
0.000418
0.000205
0.000187
0.000349
0.000754
0.001144
0.000115
0.000726
0.000132
0.000495
0.000068
0.000370
0.000402
0.000820
0.000029
0.000099
0.000773
0.000626
0.000760
0.000501
0.000037
0.000088
0.000197
0.000497
0.000106
0.000372
0.000561
0.000204
0.000473
0.000228
0.000065
0.000181
0.000132
0.000403
0.000240
0.000552
0.000299
0.000273
0.000044
0.001039
0.000558
0.000314
0.000132
0.000281
0.000103
0.000314
0.000103
0.000450
0.000496
0.001026
0.000108
0.000388
0.000623
0.000122
0.000189
0.000790
0.000232
0.000154
0.000376
0.000076
0.000496
0.000173
0.000230
0.000071
0.000071
0.000147
0.000159
0.000246
0.000281
0.000206
0.000123
0.000314
0.000228
0.000428
0.000054
0.000091
0.000659
0.000220
0.000433
0.000052
0.000290
0.000213
0.000957
0.000672
0.000502
0.000064
0.000117
0.000770
0.000915
0.000865
0.000434
0.000016
0.000655
0.000482
0.000360
0.000247
0.000366
0.000027
0.000429
0.000177
0.000313
0.000050
0.000365
0.000010
0.000050
0.000228
0.000372
0.000245
0.000016
0.000355
0.000233
0.000306
0.000120
0.000257
0.000320
0.000296
0.000693
0.000124
0.000163
0.000519
0.000282
0.000057
0.000096
0.000048
0.000032
0.000054
0.000130
0.000145
0.000315
0.000045
0.000063
0.000329
0.000743
0.000570
0.000250
0.000089
0.000183
0.000012
0.000199
0.000029
0.000035
0.000084
0.000124
0.000588
0.000075
0.000176
0.000393
0.000115
0.000264
0.000143
0.000086
0.000373
0.000091
0.000475
0.000177
0.000346
0.000265
0.000428
0.000087
0.000028
0.000415
0.000019
0.000382
0.000194
0.000106
0.000287
0.000258
0.000092
0.000435
0.000701
0.000476
0.000232
0.000026
0.000323
0.000082
39.463097
0.000202
0.000298
0.000338
0.000568
0.000189
0.000314
0.000189
0.000540
0.000091
0.000519
0.000050
0.000389
0.000048
0.000239
0.000153
0.000099
0.000057
0.000112
0.000648
0.000455
0.000215
0.000145
0.000096
0.000061
0.000423
0.000193
0.000360
0.000044
0.000032
0.000069
0.000437
0.000080
0.000120
0.000313
0.000849
0.000799
0.000872
0.000141
0.000072
0.000393
0.000377
0.000482
0.000237
0.000342
0.000304
0.000038
0.000416
0.000156
0.000901
0.000337
0.000176
0.000283
0.000393
0.001610
0.000212
0.000100
0.000487
0.001185
0.000656
0.000409
0.000445
0.000086
0.000136
0.000201
0.000194
0.000214
0.000113
0.000120
0.000242
0.000077
0.000267
0.000049
0.000135
0.000315
0.000083
0.000173
0.000118
0.000391
0.000832
0.000260
0.000443
0.000705
0.000366
0.000457
0.000268
0.000121
0.000284
0.000210
0.000607
0.000556
0.000091
0.000531
0.000156
0.000545
0.000004
0.000260
0.000474
0.000009
0.000088
0.000112
0.000394
