0.002608
0.009578
0.020548
0.038700
0.055710
0.078050
0.101788
0.134766
0.167342
0.219050
0.278962
0.393781
0.500937
0.566135
0.627259
0.691718
0.746312
0.847455
0.910038
0.983173
1.135067
1.264086
1.400409
1.549211
1.720912
1.892794
2.060916
2.179289
2.244034
2.377321
2.456159
2.549716
2.637502
2.700311
2.799765
2.874137
2.942606
3.046696
3.112064
3.202286
3.262636
3.351021
3.424769
3.503842
3.581144
3.656617
3.715058
3.781017
3.854282
3.914163
3.982611
4.036409
4.116722
4.155861
4.205626
4.252406
4.297384
4.334874
4.382894
4.410688
4.453441
4.480351
4.513935
4.507212
4.529977
4.551403
4.565763
4.577223
4.583975
4.579391
4.573889
4.571396
4.555842
4.545126
4.525817
4.503283
4.475458
4.450187
4.414152
4.386458
4.347217
4.305348
4.263152
4.222974
4.173558
4.118550
4.068785
4.014761
3.964275
3.892177
3.833510
3.763372
3.704086
3.640094
3.562342
3.498880
3.421684
3.352128
3.279036
3.200211
3.122816
3.038735
2.967749
2.884801
2.814801
2.737624
2.661199
2.583278
2.509484
2.434502
2.362650
2.291182
2.217305
2.147792
2.083695
2.009930
1.952548
1.886721
1.818977
1.750888
1.717301
1.652269
1.602852
1.540624
1.483466
1.444050
1.402244
1.372269
1.331332
1.288341
1.256803
1.230250
1.207260
1.189888
1.171613
1.163596
0.886799
0.558479
0.447537
0.405586
0.355477
0.329871
0.310779
0.295792
0.282886
0.277357
0.276404
0.283969
0.292240
0.318329
0.355380
0.427668
0.523994
0.697944
0.930160
1.186232
1.456375
1.738696
1.980228
0.600376
0.605376
0.608969
0.605765
0.608919
0.611327
0.610265
0.612567
0.629714
0.629762
0.696641
1.246884
1.426306
1.505638
1.599909
1.693995
1.789987
1.825759
2.014291
2.108403
2.153225
2.257576
2.463153
2.526315
2.595636
2.721904
2.848651
3.064684
3.222245
3.347562
3.487897
3.590397
3.679154
3.783144
3.912895
3.965535
4.135468
4.187332
4.351287
4.417750
4.529360
4.623504
4.727387
4.804482
4.865231
4.929608
4.993180
5.012785
5.076209
5.252727
5.420488
5.649653
5.702133
5.836934
5.855148
5.825986
5.895201
5.911878
5.894652
6.064848
6.072212
6.030334
6.073002
6.067561
6.125747
6.175861
6.095207
6.005503
5.939995
5.884861
5.783930
5.774828
5.653038
5.612178
5.521703
5.439223
5.281144
5.197156
5.056692
4.950076
4.872373
4.733915
4.661109
4.504014
4.466694
4.334630
4.132087
4.104354
3.991191
3.839258
3.624447
3.516101
3.394652
3.258444
3.153699
2.975611
2.938737
2.770045
2.631918
2.502125
2.370137
2.231472
2.119410
1.940472
1.803782
1.694146
1.572198
1.450738
1.346372
1.247711
1.157880
1.036130
0.943901
0.858880
0.769867
0.710757
0.637772
0.578263
0.514515
0.468140
0.425484
0.383813
0.348879
0.327143
0.302828
0.286311
0.282867
0.282358
0.285043
0.299905
0.310481
0.328569
0.330686
0.372394
0.388262
0.423932
0.455505
0.481266
0.500403
0.549777
1.051435
1.143798
1.265964
1.379456
1.500771
1.626103
1.751196
1.898467
2.077572
2.260369
2.435046
2.070093
2.183454
2.319910
2.434532
2.565825
2.704924
2.845458
2.972381
3.115212
3.263311
3.400555
3.564992
3.706843
3.829762
3.970922
4.116666
4.254918
4.395703
4.529733
4.655926
4.799869
4.920723
5.022590
5.136484
5.264070
5.369325
5.475440
5.578994
5.698415
5.798431
5.884436
5.962603
6.047264
6.121055
6.200621
6.230867
6.285639
6.378101
6.414328
6.447685
6.657290
6.640898
6.620421
6.621542
6.629095
6.637495
6.669753
6.683496
6.743828
6.736425
6.670746
6.639058
6.617024
6.573312
6.535130
6.468526
6.440069
6.356741
6.224339
6.136908
6.040329
5.949113
5.872337
5.767061
5.672004
5.552454
5.442734
5.285730
5.276946
5.151932
5.027009
4.917016
4.742382
4.620504
4.461135
4.328090
4.175108
4.026058
3.887135
3.727791
3.588535
3.443437
3.285663
3.130972
2.993826
2.906739
2.771078
2.642064
2.491349
2.361819
2.228966
2.101442
1.957695
1.817385
1.684922
1.563212
1.455869
1.346580
1.228991
1.139935
1.040501
0.946979
0.859503
0.786703
0.704079
0.638816
0.568899
0.517527
0.463436
0.424291
0.382136
0.346839
0.321451
0.304582
0.288997
0.281498
0.277694
0.285786
0.300102
0.332120
0.377152
0.439143
0.481214
0.528820
0.568402
0.639575
0.669029
0.702395
0.719238
0.847740
0.938220
1.041452
1.139795
1.256792
1.351387
1.483371
1.619545
1.671062
1.753083
1.875778
1.969237
2.159767
2.283943
2.425375
2.544253
2.673036
2.817850
2.943962
3.077662
3.222224
3.355797
3.494946
3.637602
3.771647
3.908889
4.056883
4.185166
4.334951
4.485078
4.607976
4.741680
4.880170
4.997842
5.118789
5.233871
5.345564
5.449736
5.558975
5.656263
5.763501
5.862931
5.931340
6.024633
6.095378
6.163488
6.233357
6.302905
6.360874
6.433334
6.476927
6.561746
6.593067
6.622745
6.611225
6.635650
6.655209
6.652108
6.656638
6.651348
