0.001464
0.001382
0.002034
0.001419
0.002086
0.001437
0.001460
0.003600
0.003019
0.002090
0.001383
0.001294
0.002001
0.001814
0.001342
0.003179
0.001328
0.001214
0.001349
0.001605
0.001505
0.001437
0.001368
0.001372
0.001439
0.001433
0.001437
0.001303
0.001307
0.001372
0.001693
0.002747
0.001862
0.003937
0.003314
0.001690
0.001668
0.001724
0.003024
0.002918
0.001685
0.001866
0.001972
0.001882
0.001989
0.001943
0.002001
0.001968
0.001948
0.002448
0.001960
0.001985
0.001855
0.001896
0.002105
0.001909
0.001884
0.001777
0.001672
0.001746
0.001827
0.001752
0.001685
0.001582
0.002147
0.001959
0.001652
0.002397
0.002345
0.002455
0.002390
0.002503
0.001873
0.002438
0.002521
0.002393
0.004893
0.004670
0.002764
0.002865
0.002457
0.002771
0.002857
0.002659
0.002841
0.002526
0.002754
0.002934
0.002474
0.002887
0.002686
0.002608
0.002239
0.003322
0.003604
0.002503
0.002701
0.002354
0.001898
0.002654
0.002828
0.002980
0.002440
0.002393
0.002626
0.002715
0.002602
0.002650
0.002708
0.002730
0.002992
0.002448
0.002804
0.002418
0.002636
0.002545
0.002520
