0.067338
0.072430
0.040156
0.037417
0.038050
0.042320
0.053909
0.055354
0.042578
0.071509
0.039065
0.035347
0.032634
0.035234
0.057088
0.035942
0.032488
0.034757
0.032320
0.038276
0.037522
0.064400
0.045406
0.032825
0.034708
0.035723
0.036508
0.036110
0.057167
0.035912
0.036682
0.057583
0.058646
0.050331
0.032372
0.034267
0.034563
0.051109
0.058745
0.062190
0.045316
0.035044
0.047695
0.047406
0.046156
0.047881
0.033171
0.048652
0.050002
0.042240
0.039420
0.050256
0.044080
0.050026
0.059137
0.046614
0.032694
0.034749
0.033542
0.035684
0.032208
0.038563
0.032265
0.034938
0.032308
0.033921
0.032899
0.056570
0.047260
0.047624
0.058564
0.060615
0.061755
0.044440
0.034309
0.046977
0.060039
0.049686
0.032543
0.049420
0.058701
0.046330
0.034007
0.046770
0.044234
0.033239
0.034487
0.034370
0.047583
0.061004
0.044392
0.033308
0.032475
0.035882
0.032316
0.035340
0.035671
0.034525
0.047235
0.060611
0.044515
0.049936
0.044494
0.048162
0.052998
0.047824
0.060666
0.046208
0.032734
0.033790
0.032654
0.035222
0.038286
0.050134
0.046213
0.034003
0.046494
0.048837
0.058359
0.047587
