0.015948
0.050290
0.106959
0.183691
0.307609
0.441220
0.620387
0.817461
1.003371
1.231924
1.517941
1.806852
2.001646
2.254357
2.451096
2.620584
2.818752
3.001352
3.146144
3.234907
3.371944
3.528755
3.662027
3.838144
4.005468
4.139843
4.314753
4.528950
4.678942
4.888898
5.130393
5.343179
5.626594
5.856107
6.071817
6.342157
6.599587
6.808184
7.071954
7.286561
7.529038
7.753840
7.997345
8.226098
8.438472
8.671968
8.891628
9.113950
9.317090
9.537438
9.755744
9.941096
10.134257
10.300359
10.469418
10.643463
10.801877
10.954656
11.093836
11.223315
11.348212
11.447708
11.551431
11.642105
11.728070
11.806560
11.838612
11.905364
11.930723
11.984862
11.989954
12.003738
11.983509
11.971236
11.940334
11.893173
11.848814
11.781255
11.709089
11.627983
11.541049
11.443798
11.327390
11.211432
11.074547
10.927936
10.778933
10.625265
10.457526
10.280942
10.117985
9.933887
9.733674
9.538384
9.338195
9.116277
8.917972
8.691819
8.476029
8.235110
8.002390
7.790247
7.546300
7.291943
7.062661
6.817412
6.570167
6.325407
6.075246
5.843573
5.620501
5.378020
5.137651
4.898802
4.678434
4.441432
4.222778
4.001512
3.815000
3.612903
3.394661
3.200849
3.026745
2.836721
2.667220
2.506518
2.348466
2.207304
2.069449
1.934489
1.830380
1.706204
1.607622
1.517058
1.440364
1.375034
2.181173
1.962641
1.637539
1.539309
1.398395
1.290601
1.180500
1.114734
1.071299
1.041873
1.055000
1.086589
1.141938
1.178604
1.247438
1.361121
1.480329
1.621326
1.808290
1.983383
2.152954
2.306978
2.543634
4.315094
4.759165
5.236059
5.714795
6.226220
6.745947
7.271229
7.843382
8.443993
9.159224
10.040984
10.825544
11.315492
12.043205
12.716741
13.392058
14.057115
14.830344
15.469517
16.058852
16.639971
17.339261
17.922908
18.782406
19.545603
19.928612
20.547172
21.905530
22.505026
23.085810
23.866614
24.484514
25.070139
25.519055
26.155114
26.698450
27.363127
28.020751
28.538388
29.073438
29.503158
29.948826
30.426209
30.854416
31.172491
31.500633
31.859791
32.182699
32.474821
32.807263
32.984146
33.032173
32.927867
33.083154
33.174424
33.228596
33.199968
33.179772
33.205532
33.082439
33.002242
32.884997
32.694744
32.503418
32.191385
31.906762
31.524227
31.294091
30.906370
30.550231
30.126764
29.697884
29.257800
28.747059
28.216873
27.722344
27.106278
26.508040
25.931389
25.414454
24.806417
24.224019
23.642644
22.861711
22.263587
21.593283
20.827146
20.078004
19.400516
18.677690
17.861949
17.148740
16.462983
15.710953
15.122064
14.381742
13.550434
12.863367
12.153466
11.426904
10.748886
10.117062
9.427684
8.807304
8.215447
7.660734
7.089341
6.552086
6.015975
5.539670
5.049021
4.577899
4.139191
3.757909
3.368141
3.029284
2.717140
2.426341
2.173185
1.947948
1.769202
1.599284
1.462520
1.368394
1.293712
1.248526
1.238785
1.262180
1.323930
1.406496
1.521751
1.655910
1.861450
2.036409
2.305563
2.546276
2.759898
2.936326
3.212875
3.496786
4.548828
4.994169
5.427502
5.851650
6.338749
6.847066
7.314416
7.800567
8.375336
8.774113
9.239035
10.670873
11.275187
11.953065
12.649382
13.331373
14.048107
14.737553
15.480718
16.200338
16.890511
17.589196
18.305869
19.057380
19.732802
20.381885
21.143727
21.846178
22.574345
23.231282
23.955861
24.635677
25.293741
25.875181
26.495335
27.071805
27.685712
28.230395
28.781407
29.282750
29.749327
30.207259
30.656147
31.014903
31.396111
31.765848
32.111217
32.211722
32.467658
32.795922
33.090546
33.333253
33.646155
33.741075
33.873700
33.799239
33.821527
33.833811
33.770934
33.701507
33.689067
33.563994
33.432998
33.277316
33.033107
32.754853
32.531726
32.180787
31.776228
31.383992
30.969638
30.461589
29.957220
29.419059
28.916868
28.340002
27.778806
27.167422
26.523945
25.880130
25.219759
24.573944
23.880471
23.172923
22.482790
21.794675
21.134620
20.367258
19.661126
18.879430
18.127039
17.385457
16.689422
15.966397
15.251826
14.460765
13.709203
13.006476
12.311925
11.606932
10.927854
10.256210
9.626394
8.995687
8.374149
7.771940
7.212875
6.657480
6.113055
5.644021
5.149340
4.674380
4.240124
3.832933
3.458098
3.090229
2.775040
2.491723
2.229196
1.994110
1.793729
1.630740
1.481731
1.380263
1.310361
1.265988
1.263515
1.287557
1.341705
1.425043
1.550540
1.656993
1.815902
2.001763
2.093646
2.127487
2.215540
2.383218
2.579914
2.762613
4.522571
5.035104
5.571782
6.157730
6.761408
7.410625
8.053123
8.752976
9.506281
10.275983
11.169503
10.395929
11.097786
11.816140
12.470966
13.174614
13.871226
14.562605
15.272665
15.942561
16.680043
17.375679
18.094484
18.800369
19.504566
20.209242
20.947689
21.612830
22.307801
22.973423
23.610119
24.271359
24.867561
25.465310
26.088135
26.650831
27.179407
27.713049
28.219948
28.729155
29.179514
29.641786
30.056767
30.431528
30.776699
31.168902
31.494504
31.742059
31.969449
32.222485
32.421595
32.768468
32.932295
33.085588
33.215967
33.263607
33.222558
33.172056
33.170469
33.116816
