0.007406
0.002311
0.001389
0.001402
0.001463
0.001381
0.001387
0.001385
0.001346
0.001563
0.001574
0.001211
0.001312
0.003517
0.002808
0.003174
0.001405
0.001285
0.001429
0.001375
0.003355
0.004737
0.001314
0.001344
0.001417
0.001397
0.001353
0.001228
0.001389
0.002735
0.005372
0.003098
0.001785
0.001524
0.001638
0.001483
0.001692
0.001510
0.003139
0.001619
0.001538
0.001582
0.001883
0.001704
0.001711
0.002465
0.001790
0.001739
0.001695
0.001734
0.001965
0.001644
0.001700
0.002921
0.004007
0.003345
0.004329
0.003229
0.001857
0.001751
0.002796
0.001643
0.001575
0.001561
0.001554
0.001426
0.001512
0.001750
0.001547
0.001514
0.001592
0.001564
0.001551
0.004134
0.001624
0.001790
0.001619
0.001682
0.001702
0.001999
0.003813
0.004626
0.003149
0.003557
0.001708
0.001625
0.001615
0.001603
0.001622
0.001670
0.002430
0.001667
0.001624
0.001641
0.001696
0.001571
0.003153
0.003662
0.003922
0.001735
0.002150
0.001702
0.001671
0.001759
0.001870
0.001669
0.001792
0.001620
0.001582
0.001518
0.001530
0.001565
0.001520
0.001491
0.001648
0.001553
0.001497
0.001793
0.001492
0.001929
0.001606
0.001593
0.001512
0.001535
0.001478
0.001480
0.001910
0.001514
0.001522
0.001472
0.001433
0.001429
0.001462
0.001448
0.001576
0.002149
0.001404
0.001480
0.001400
0.001222
0.001404
0.002279
0.001252
0.001322
0.001191
0.001184
0.001228
0.001224
0.001238
0.001355
0.002483
0.003498
0.003287
0.001603
0.001730
0.001896
0.001339
0.001232
0.001218
0.001220
0.001389
0.001396
0.001454
0.001502
0.001407
0.001409
0.003904
0.002092
0.002066
0.002231
0.001635
0.001546
0.001672
0.001615
0.001676
0.001660
0.002997
0.001713
0.002638
0.001586
0.001644
0.001582
0.002373
0.002192
0.001856
0.001547
0.001611
0.001561
0.001609
0.001621
0.001545
0.001489
0.001482
0.001573
0.001539
0.001439
0.001527
0.001552
0.001558
0.001546
0.001579
0.001618
0.001583
0.001614
0.001709
0.001607
0.001607
0.001617
0.001760
0.001669
0.001727
0.002118
0.001657
0.001807
0.001577
0.001584
0.001643
0.001619
0.001711
0.001943
0.003938
0.001962
0.002286
0.001713
0.001924
0.001644
0.001658
0.001664
0.004171
0.002677
0.001726
0.003087
0.002993
0.001775
0.002552
0.003979
0.002897
0.003893
0.001570
0.001540
0.001493
0.001516
0.001529
0.001499
0.001603
0.001824
0.001506
0.001535
0.001501
0.001613
0.001541
0.001550
0.001480
0.001506
0.001498
0.001483
0.001573
0.001521
0.001527
0.002295
0.002448
0.002874
0.001818
0.001735
0.001439
0.001570
0.001447
0.001344
0.001425
0.001216
0.001217
0.001194
0.001262
0.001282
0.001548
0.001270
0.001346
0.001193
0.001183
0.001325
0.001509
0.001383
0.001409
0.001331
0.001298
0.001344
0.001331
0.001210
0.001239
0.001219
0.001385
0.001634
0.001856
0.001409
0.001424
0.001441
0.001677
0.001529
92.399162
