1.063156
0.730759
0.571532
0.483366
0.512166
0.522514
0.641517
0.603168
0.453441
0.523862
0.492420
0.511954
0.825028
0.533526
0.564200
0.782861
1.048970
0.678969
1.073068
0.976140
1.004960
1.389899
0.807922
1.048067
1.187542
0.939530
0.543403
0.728263
0.954507
0.864294
1.091976
0.971162
0.501396
0.966308
0.741302
0.806612
1.910229
0.913662
0.498426
0.598038
0.877039
1.362742
0.698710
0.458624
0.989411
0.779470
0.903511
0.562452
0.892512
1.132619
0.740356
0.764422
0.608535
1.761067
0.592842
0.760876
0.961115
1.075783
0.942969
1.029020
0.756448
1.771553
1.075365
0.878091
1.240117
1.364100
1.113288
0.608481
0.928291
1.524926
0.737145
0.904865
0.756690
1.061804
1.729953
1.059170
0.933163
0.699303
0.752663
1.306674
0.978977
1.027537
1.077651
4.430871
0.921639
2.636450
1.083517
0.996580
1.262855
1.762698
0.862051
0.656726
0.538740
0.386960
3.021761
0.652401
1.150199
1.018738
1.559111
0.864585
1.647645
1.077713
0.916925
0.634612
0.956381
1.995523
1.068339
1.268429
0.766188
0.553994
1.868764
0.969433
0.717765
2.071501
0.801215
2.362296
2.384984
0.424552
0.806059
1.189662
0.677865
1.652438
0.693486
1.890473
0.772237
0.943956
1.801899
0.881130
1.005470
2.288265
0.490938
1.440409
0.612998
0.826379
1.436012
0.928655
0.859349
1.044991
1.017414
1.167691
1.254827
1.053090
1.179061
2.406443
1.372535
0.992629
0.956450
1.063597
1.144005
1.720752
0.437589
0.601992
0.662234
0.750268
17.728168
1.909920
0.570813
4.049829
0.526461
0.760076
1.018738
1.146337
0.663326
0.971945
0.890887
1.464469
1.664024
0.946757
1.798014
0.722900
0.497809
0.629408
0.452419
1.308678
1.015539
0.824057
0.902750
0.516891
1.102033
1.134718
0.696057
0.949485
1.472120
0.679285
1.004168
3.571882
1.065332
1.186846
0.811407
1.044800
0.999330
0.741996
0.697395
1.096126
0.846560
0.794076
0.668640
0.562116
0.602249
0.434732
0.726038
0.546345
0.982552
0.470505
0.440500
1.406767
2.259564
1.334867
0.725371
0.414028
0.467599
0.738078
0.877890
0.955022
0.468872
0.424484
0.583843
1.298133
0.871264
0.743011
0.533273
0.599828
0.463459
0.929847
1.295326
0.863046
0.742641
2.661659
0.439864
0.747602
0.577005
2.050331
0.981827
1.129769
0.733092
0.872789
0.944884
1.045059
1.207959
0.971908
0.456037
0.458868
0.864512
0.676780
2.618224
0.451357
0.783026
0.681241
0.473444
0.946703
2.135406
1.189923
0.902155
0.982401
0.955012
1.363253
1.123015
3.128650
0.790729
0.425871
0.785958
0.691575
0.820081
0.895588
1.292292
0.789394
0.508660
0.611767
0.711707
0.423050
0.489905
0.721304
1.445545
3.710997
2.509447
1.122085
0.858178
0.806078
1.227355
0.705952
0.787681
2.344936
0.526796
0.542091
0.478257
0.810660
0.759293
2.203334
0.824216
1.220940
0.837547
0.729459
17.403670
0.806373
0.869381
1.054284
0.894185
1.103204
3.769751
1.880325
0.768417
1.540089
0.762453
4.718808
0.533352
0.854932
0.915965
0.951908
0.792367
0.812322
1.197686
0.938058
0.802144
0.688773
3.797703
3.007209
3.539145
2.911862
0.761779
1.072845
0.872272
1.254750
2.520942
0.718767
1.042895
0.776147
0.810273
0.875684
1.075705
1.113924
1.143295
0.917209
0.867020
1.132525
0.628936
0.776605
0.744831
2.380807
0.897853
0.756600
0.995942
2.882111
0.946177
0.875942
1.021502
1.040336
2.026167
2.089946
0.599112
1.548978
0.927256
0.618782
0.777141
0.611512
0.719710
3.952783
1.189752
0.437465
0.709157
0.887531
0.416369
0.377677
0.447644
0.607457
0.527002
2.084853
0.721006
0.598068
0.438911
0.481877
0.413036
0.412312
0.399342
0.912538
0.687844
0.778076
0.991320
1.718082
0.565091
1.097387
0.442194
0.495991
2.628081
2.005629
1.477547
1.172488
1.999084
0.677078
1.511013
0.716769
0.599708
0.776744
1.028976
2.229071
0.804126
0.710013
0.793791
1.135133
0.833799
0.464693
0.451991
3.009952
0.689206
1.350779
0.901711
1.128285
2.055611
0.789784
0.879015
5.601584
0.674100
0.922350
1.237862
0.803383
1.294685
0.867267
0.656544
0.846587
0.827842
0.999144
1.028952
5.152857
1.222610
0.804722
0.827576
0.671115
0.809854
0.989676
2.471915
2.214159
0.924877
0.953473
0.877931
0.684111
0.745489
0.638962
2.312174
0.587241
0.789832
0.538272
0.867911
0.848464
1.009613
0.819671
0.774198
0.790807
1.210039
0.667369
2.510119
1.006745
0.843789
1.214597
2.026149
0.678390
1.259205
1.430976
0.764641
0.673332
0.859162
0.751486
1.227293
0.697301
1.470615
0.742751
2.064589
0.748450
0.757144
0.966398
0.834874
1.879290
0.790406
3.631252
2.432107
0.844979
0.801072
2.702730
3.571386
3.662216
0.924985
0.819326
0.582031
1.048543
2.872176
0.640802
0.580918
0.605925
1.175384
0.913997
1.037133
0.524341
0.537373
0.455094
0.758856
0.426650
0.459118
0.549949
0.396838
0.875483
0.480115
