0.119206
0.102560
0.095595
0.094245
0.108160
0.109670
0.107292
0.109102
0.112511
0.110576
0.117102
0.121947
0.118368
0.115719
0.120021
0.157441
0.118774
0.127112
0.126372
0.141865
0.134676
0.135863
0.154837
0.150034
0.129148
0.155991
0.166690
0.171655
0.187176
0.195975
0.208623
0.204708
0.201109
0.205946
0.207173
0.260988
0.285113
0.261620
0.289264
0.295742
0.300445
0.293912
0.307118
0.249016
0.283874
0.325064
0.296321
0.312232
0.287612
0.293096
0.310646
0.349508
0.371084
0.317221
0.323786
0.381922
0.393659
0.365091
0.361948
0.438264
0.450294
0.536047
0.483788
0.469281
0.557954
0.498719
0.576104
0.572735
0.592774
0.602379
0.524472
0.566700
0.563903
0.576439
0.586835
0.594519
0.616934
0.619029
0.640699
0.555793
0.650134
0.680580
0.685716
0.699636
0.838536
0.830495
0.715749
0.835806
0.934430
1.060900
0.744814
0.756350
0.847779
0.666862
0.781040
0.806766
0.667711
0.820206
0.837077
0.856409
0.846000
0.865098
0.871651
0.920407
2.008195
2.391682
2.491864
2.499877
2.612149
2.647974
2.834099
3.070529
3.034491
3.070200
3.226762
2.733838
3.294006
3.387599
2.854685
2.772754
2.366348
2.887062
2.973531
2.970135
2.577200
3.135514
3.186333
3.262836
3.384228
3.472409
3.502697
3.599814
3.731655
3.182259
4.468204
5.808412
4.659847
4.909452
4.857588
4.945843
5.046891
5.278639
5.280733
5.570168
6.102441
6.397923
5.807101
5.089064
5.221843
5.475331
5.613468
6.599733
5.933020
5.921084
7.044324
8.256347
8.312154
8.312109
7.409814
6.467650
6.626698
6.805985
7.055511
8.621161
8.392038
9.136001
9.328714
8.923355
9.020763
9.239413
9.302403
9.515334
9.705543
9.784391
10.281862
9.999256
10.231088
10.389364
10.575302
9.185028
10.813482
11.011150
11.101565
11.070834
11.236887
16.378851
16.517853
11.720163
11.768638
8.554987
10.550574
10.513235
10.852400
10.918212
9.511160
12.244939
13.308947
13.696712
13.636659
12.058582
12.334042
12.510012
12.643491
12.732972
12.858444
13.150352
13.351367
11.331034
13.764908
14.113168
14.405454
14.846154
14.892779
12.605898
15.462786
15.735937
18.594654
18.893108
20.324057
19.473402
19.604877
19.867527
20.179264
20.806500
20.969855
21.092869
21.436305
21.820003
22.092825
25.651572
26.212045
26.042231
23.174503
23.646924
23.810691
24.044952
24.321681
24.435620
24.927020
24.998734
25.172454
25.460372
25.596572
22.322331
26.375412
26.460240
26.779695
26.758806
23.132813
27.334998
27.886778
56.447698
28.888396
29.881298
25.796967
30.485717
30.758687
26.783767
26.844800
27.167590
38.913772
34.626287
38.813064
40.717293
29.054108
29.348610
29.517926
34.938683
35.227530
30.727968
41.568597
43.212255
84.185084
31.689979
32.087924
34.705594
33.918484
33.294006
27.770355
33.668679
39.566446
34.496830
34.640139
42.660799
46.991078
35.891012
36.032964
36.312341
37.283214
37.038193
38.098705
43.659895
44.427165
45.088285
45.130837
45.578910
47.103328
46.811666
40.934699
43.082780
41.137851
41.366161
41.676135
49.194304
53.380544
52.649150
53.334378
53.680960
54.110912
54.473474
54.569418
54.983417
55.573259
55.585063
59.043850
58.833629
59.187170
51.326799
60.078343
52.014281
52.592554
52.976680
62.627478
63.012696
63.347656
64.310131
75.028749
78.676138
79.205686
62.974643
65.936543
45.402263
63.904157
82.837585
65.935328
65.164133
65.308355
75.262545
85.832738
48.107648
66.859690
67.577580
67.980657
71.810294
83.247642
73.856030
82.233173
80.704665
40.887394
71.349137
82.929427
74.399460
76.210165
75.012589
85.431410
78.300491
96.793161
88.383491
66.008567
77.477391
67.236364
78.771019
60.707955
84.517780
60.047084
84.657363
97.219989
85.958767
98.648046
99.661122
96.959952
83.122058
107.165088
97.279643
74.831407
75.363581
88.872214
78.354055
77.973012
91.362307
91.944732
92.447358
79.838351
80.758050
94.686896
122.643705
109.480817
110.795568
110.804537
69.964475
84.488948
99.156014
128.469237
100.426227
102.143816
102.095481
117.171128
201.717867
86.020302
101.269183
101.992731
102.310874
73.540553
103.637183
104.065737
120.464112
136.714398
121.781042
107.003861
107.738603
94.196668
109.966067
79.367529
111.509816
111.644771
112.180528
113.891027
130.585908
148.012987
149.866073
117.146870
118.365604
119.589461
119.741776
119.719003
120.624057
120.654638
123.271539
106.079035
124.031034
124.906265
143.537420
163.006913
146.047550
146.339496
146.770579
111.057083
132.671219
177.847724
133.621327
155.104966
155.283995
156.366874
139.381384
178.543639
139.529885
140.625567
161.711454
204.773375
184.648384
145.382463
126.247810
170.471647
170.578093
150.096731
151.538792
152.362350
132.275522
156.472943
133.454543
156.980404
157.959268
224.554360
205.384943
182.739733
161.358670
231.583824
232.406009
164.294400
141.350665
166.644505
191.376842
168.200839
171.075149
171.257017
167.683390
168.731872
219.255559
219.197831
178.660931
202.504316
203.079267
204.151407
182.466055
207.423172
209.471934
209.982582
238.602207
214.343471
241.492309
188.815231
187.135357
214.748722
189.258240
189.556024
190.413337
191.041692
193.075928
273.087658
