0.653874
0.693368
0.572978
0.519987
0.579203
0.530915
0.543406
0.445133
0.594936
0.492745
0.541458
0.576149
0.592124
0.523040
0.529595
0.572636
0.669835
2.415375
1.019601
0.995157
1.024471
1.006223
0.914844
1.204420
1.263012
0.893406
0.523048
1.945582
0.777140
0.460073
0.901820
0.578907
0.745337
0.868300
0.818454
0.935527
0.743636
0.668346
0.809621
0.825920
0.797955
0.653645
0.802149
0.801128
0.952410
0.942429
0.848407
0.833255
0.935584
0.842958
0.693176
1.461868
0.634827
0.880701
0.719097
0.799474
1.287909
1.040615
0.828648
0.808778
0.657408
1.120827
1.176105
0.787127
1.839096
2.062903
0.834673
0.695143
0.883852
0.737165
0.688769
1.661665
0.499163
0.782071
0.790817
0.978031
0.731903
0.816825
0.891178
1.013217
0.691253
0.904737
1.861326
1.186793
1.517178
1.165121
2.258027
0.562717
0.722098
0.901688
0.898666
0.736283
0.974687
1.575122
0.775567
0.982680
1.150306
0.795821
0.665985
1.634479
1.587181
1.322406
0.794500
0.784654
1.142428
1.084973
0.585341
0.800019
0.808391
0.680095
0.888257
1.235987
0.836216
0.760094
0.457304
0.430612
0.708867
1.272476
1.276097
1.473977
0.925740
0.855649
0.867200
0.881829
0.936231
2.052367
0.451876
0.494732
0.943672
1.159163
1.125400
0.903791
0.903625
0.894408
0.796470
1.507670
1.259101
1.993850
1.291851
1.470526
0.707821
1.809624
0.992166
0.905880
1.752105
1.110498
3.382706
0.954090
0.506258
1.759337
0.431261
0.913053
2.011072
1.023254
0.942991
1.254119
3.116245
0.742852
0.786372
0.904377
2.502908
1.125316
1.330127
2.092912
2.453130
2.018353
1.078027
0.733643
1.512433
2.035883
0.569843
1.976118
1.226218
1.738885
1.705307
0.426283
0.529267
1.021564
2.339920
0.780960
0.683850
0.465598
1.908791
1.092106
1.921993
2.109125
1.037325
0.945151
2.392560
4.697190
4.375659
1.028132
0.862203
0.732073
0.508673
0.482510
0.550482
0.930694
1.532616
1.694127
2.348487
1.129388
2.315858
0.396452
0.464664
0.798461
1.307351
0.808312
0.996053
0.929616
2.987549
0.692695
2.181061
0.675803
0.545143
1.025360
0.530849
0.811489
0.491235
0.657253
0.678368
2.547054
0.387139
0.855565
0.916128
2.007505
0.546212
0.407743
3.442441
0.510842
1.855397
0.720501
0.427340
0.474801
1.022161
0.626193
1.992088
0.518556
0.555810
1.879899
0.495480
0.975048
1.817093
0.420608
1.105888
0.856889
0.746914
0.693946
0.906308
0.785561
0.765022
0.864215
1.033178
1.005768
0.851748
0.765861
0.672404
0.554087
1.072136
1.603531
1.134457
0.792761
0.558505
0.741501
0.540887
1.092011
2.013080
0.383291
0.824462
2.786696
1.471842
1.447347
0.767188
0.735393
0.683076
0.777046
0.724552
4.035153
1.079405
0.957695
0.898928
0.952581
0.784346
0.999101
1.041737
1.297959
1.186911
1.347060
1.406615
0.740079
1.260671
0.797057
1.104569
2.684454
1.792139
0.461597
0.804489
0.791775
0.641408
0.473031
0.795780
1.476442
1.259595
0.823158
0.703642
0.510987
0.445333
1.247508
0.935437
2.765288
0.687561
0.534806
0.995350
1.754912
1.027232
1.000031
2.166212
1.454152
1.979910
1.116554
0.672824
0.427365
0.526189
1.172500
2.586540
0.907587
0.529776
2.126144
0.713341
0.571013
0.886181
1.050728
0.683226
0.813292
0.620573
1.238069
1.838274
0.831325
0.865193
2.239048
2.112984
0.658999
0.910115
0.650586
1.266052
3.961406
0.881526
2.611155
0.629142
1.440937
0.989280
3.244339
0.772026
0.532148
0.645774
0.465342
1.823089
0.749631
0.719805
2.149100
1.049584
0.896710
1.032043
0.856936
1.013677
0.907826
0.799142
1.974920
0.832121
0.942399
0.634138
0.762526
0.393329
0.598171
1.099185
1.645971
0.974988
0.711010
2.304088
2.848157
1.256786
3.630358
0.983689
5.058094
0.714235
1.949545
0.550853
0.490111
0.625708
0.863774
0.793689
0.918695
12.393781
1.098186
1.124351
1.140221
0.978510
0.951614
2.075340
1.902837
2.102555
0.916144
1.015935
1.109750
0.663762
0.493404
0.817155
0.741708
0.807060
0.993756
0.659696
1.635930
1.810988
2.390463
1.008885
1.317146
0.635922
1.740912
0.733276
0.676427
0.762777
0.796798
0.733857
2.436779
1.069925
0.827511
1.706420
0.676792
0.873894
0.754329
1.988437
0.933327
0.955281
0.691558
0.589589
2.209573
3.184543
1.097754
0.968381
4.107654
0.803920
2.570712
0.781668
0.524412
3.833066
2.464451
1.142111
3.660432
0.839926
0.653822
2.035471
0.807805
2.037108
0.699362
0.711566
0.667220
3.655487
0.423912
0.580440
0.637147
0.568388
0.425922
0.515640
0.617220
0.642168
0.500444
0.429538
0.459746
0.428530
0.788429
0.489720
0.749302
0.820569
0.592670
0.792427
1.203959
0.847526
0.827956
0.499676
0.571159
0.654969
0.637138
1.138337
0.777036
1.058804
1.143280
0.893728
1.242683
1.078382
2.663477
0.984218
0.776347
0.632670
0.758604
0.969114
0.847081
0.914803
1.664422
1.054857
