0.000000
0.251575
1.340828
3.531827
6.923598
11.799458
17.992039
26.137605
35.835991
48.949366
72.424499
102.801884
133.937182
150.016489
134.051114
98.478888
87.022392
121.248435
197.225915
302.877052
423.885973
536.122223
609.158348
692.824835
790.838268
903.996917
1026.074181
1158.322896
1299.961070
1428.364046
1528.235553
1589.297234
1612.965395
1635.623207
1656.804949
1676.854424
1695.817621
1710.139624
1723.762691
1737.688873
1748.586000
1757.320034
1765.250187
1773.144304
1777.197022
1779.795864
1781.222798
1780.101107
1773.285824
1770.056853
1764.325342
1755.412831
1744.610581
1730.670872
1713.611260
1695.382232
1676.895818
1658.192515
1637.768730
1614.201121
1587.278178
1559.896430
1533.749457
1503.097851
1472.037640
1440.999915
1409.293833
1377.727422
1347.612722
1315.188066
1279.938549
1241.021379
1203.373213
1165.331026
1128.517407
1092.192166
1054.189055
1016.978593
979.067133
941.458193
904.480319
866.532667
828.959645
791.732470
753.868907
717.466593
681.635779
647.675822
614.438532
583.040354
552.942707
519.517618
489.161873
461.374889
434.167687
406.774676
380.672965
355.468562
330.078984
306.229472
283.947644
263.454651
243.833759
225.600594
208.066906
193.031973
178.633017
164.754108
152.123115
140.667073
131.134910
122.732388
114.711432
107.691527
101.149332
95.155863
90.373398
86.074432
83.189844
81.254975
80.752662
81.370095
82.918716
85.755172
90.037606
95.910374
103.338231
111.341753
120.571395
130.408149
140.489618
152.132115
164.594667
177.481516
191.236868
206.992646
224.861789
240.710676
250.563861
252.245666
260.337835
133.948730
110.540584
103.355013
133.273247
134.572040
167.585657
188.030304
235.129123
297.621235
365.351304
386.033001
371.738163
331.638798
278.429002
229.107939
193.664953
176.012080
176.255925
191.705258
222.303872
264.120964
316.613842
378.994755
450.886691
532.631833
622.512826
720.126050
819.588353
906.061799
976.798869
1023.910299
1042.218139
1057.517406
1072.259550
1084.128820
1095.596689
1107.325534
1118.444933
1127.896679
1135.728556
1142.731225
1148.719687
1153.737322
1158.183040
1161.799672
1164.500773
1164.731568
1161.220532
1158.807130
1155.931149
1150.948556
1144.989067
1139.344228
1130.392550
1120.909396
1110.070831
1098.105293
1085.607629
1071.838804
1057.335744
1042.942461
1028.116576
1014.017274
998.057527
985.057409
970.779322
955.606383
942.551107
927.342254
912.298324
896.559075
882.933571
870.458555
860.211126
849.329252
836.648272
824.683247
814.187259
802.552257
790.269258
779.642161
771.145086
762.249136
753.005743
743.113900
731.433743
719.969888
708.573496
696.289789
684.714093
671.136024
657.180049
644.481586
631.182792
618.675170
604.666885
591.762169
579.277013
565.986192
553.846431
541.359409
531.127020
519.627455
508.861249
497.277052
485.037113
474.253354
463.725477
453.192451
445.082751
435.925789
426.359247
418.374621
410.140448
403.086781
397.494555
392.121016
387.604858
383.977977
380.998799
378.490412
376.944049
376.263449
376.757692
377.976343
380.822051
383.786578
388.034735
394.189312
400.457228
407.777086
416.424428
425.408144
436.214842
448.799264
459.375035
459.600146
455.885764
405.702951
290.445873
191.297107
132.650025
88.855747
101.773850
71.288894
47.107463
25.931033
34.237193
48.984378
49.966238
50.234507
49.109187
46.911509
44.115629
42.147247
42.476307
46.640547
56.862560
75.865013
107.715308
158.249170
218.962779
288.989675
368.610328
457.245642
556.006427
663.876657
777.901014
879.513210
961.451392
1017.499375
1037.156665
1054.767014
1069.898508
1087.390933
1102.480407
1117.436880
1129.788185
1142.177755
1153.522495
1163.467679
1173.283128
1181.851772
1188.559941
1194.711107
1200.615635
1205.764630
1207.025644
1210.942857
1214.669731
1216.268447
1216.118634
1215.129840
1213.845400
1212.532793
1208.919766
1205.170369
1199.568756
1193.344837
1184.691293
1176.517623
1166.153747
1157.031310
1145.508863
1133.314876
1121.867564
1109.777250
1096.189275
1083.465029
1070.038321
1054.882772
1040.576494
1028.163399
1018.265080
1008.765859
997.249617
985.308611
973.939076
963.347967
952.851989
941.233339
929.923376
919.558830
909.031731
899.842053
891.133107
882.410638
872.763495
863.844956
852.646681
838.895020
827.317563
815.126449
802.571147
791.127715
777.725297
765.238069
751.928347
738.151413
724.018351
709.787789
696.185962
683.456691
672.988039
661.727129
650.610896
638.809631
630.621005
621.227061
612.523054
604.510686
597.587617
590.020890
583.048454
576.809080
571.362341
566.894536
562.578034
559.138949
556.712628
556.590751
557.833369
559.661905
563.531357
568.864052
575.037032
582.711561
592.890839
605.292635
618.016761
632.891980
650.559083
670.012795
691.553236
717.145395
744.558766
760.549659
767.862643
715.968810
576.693289
445.782265
365.143906
300.479864
296.079099
253.876980
204.468583
158.156431
149.044844
141.063516
180.404495
209.024175
227.760248
239.434340
247.433331
255.897329
267.968154
288.337130
320.109731
369.061697
441.085773
546.522659
661.846477
786.460117
919.519904
1062.156987
1213.740479
1372.515441
1535.094328
1677.078113
1790.276592
1864.542581
1893.756823
1918.835749
1945.416913
1968.772739
1991.580566
2014.274228
2035.353019
2053.743347
2072.873289
2087.874596
2103.252142
2116.048847
2126.572116
2135.497266
2141.893315
2146.307672
2147.256657
2150.788380
2150.430389
2146.708454
2142.764468
2135.951522
2127.176117
2116.688710
2105.367360
2093.191080
2077.808824
2060.671756
2040.972795
2020.508440
1999.520348
1977.794553
1952.487743
1926.334374
1899.345602
1870.363313
1841.149536
1810.159938
1778.049930
1744.456370
1712.881284
1684.199158
1655.222459
1628.032359
1600.510604
1571.713799
1542.930357
1514.676932
