1.184180
1.067617
0.654005
0.501060
0.785686
0.623402
0.709263
0.467377
0.510605
0.501893
0.449320
0.501780
0.553293
0.452397
0.555339
0.502834
0.666841
0.597209
0.495464
0.511813
0.536752
0.487611
0.475573
0.501485
0.770363
0.494144
0.471658
0.457395
0.468648
0.697951
0.483696
0.459056
0.514944
0.481319
0.482378
0.472362
0.490617
0.507822
0.551344
0.490661
0.499645
0.504217
0.602472
0.498675
0.583733
0.485418
0.618715
0.598460
0.469295
0.479427
0.605137
0.473928
0.499525
0.606327
0.492857
0.493052
0.482591
0.520994
0.829318
0.549601
0.559877
0.456869
0.520565
0.491503
0.479242
0.482691
0.489350
0.560234
0.476877
0.562465
0.741348
0.579533
0.435713
0.770839
0.512344
0.551434
0.491562
0.629003
0.551635
0.504973
0.546637
0.518123
0.636400
0.509811
0.595365
0.507983
0.625364
0.522338
0.605796
0.632821
0.608219
0.899189
0.579049
0.552092
0.569530
0.589838
0.507189
0.526740
0.449977
0.589889
0.539696
0.652964
0.585987
0.455373
0.735915
0.918075
0.542168
0.475228
0.659643
0.559539
0.579426
0.617163
0.704131
0.640135
0.725458
0.771556
0.996907
0.851955
0.586174
0.562511
0.580815
0.572942
0.572319
0.687695
0.619556
0.755077
0.591281
0.560316
0.612309
0.596696
0.624939
0.636693
0.594922
0.845639
0.795833
0.656208
0.591535
0.589450
0.598919
0.614525
0.818222
0.899489
0.665664
0.617619
0.683976
0.591962
0.607154
0.590657
0.586049
0.684416
0.675474
0.990071
0.726459
0.565441
0.533501
0.771341
1.078227
0.860630
0.691694
0.635734
0.907238
0.611766
0.659483
0.800100
0.934951
0.794413
0.757802
0.684639
0.621434
0.652518
0.857198
0.630229
0.661409
0.659190
0.660717
0.633332
0.649975
0.732588
0.737347
0.656392
0.864489
0.679458
0.702654
0.698623
1.265459
0.753567
1.198960
0.928433
0.495434
0.689479
0.685670
0.767919
0.988490
0.829217
0.669860
0.721357
0.671737
0.678424
0.728605
0.716179
0.687470
0.729838
0.795235
0.718297
0.718216
0.698785
0.535912
0.720993
0.741269
0.694948
0.712786
0.801324
1.159281
0.894151
0.890811
1.000597
0.804291
0.746068
0.717477
0.953292
0.840374
0.752138
0.762495
0.962168
0.785266
0.948884
0.766101
0.973798
1.064464
0.784208
0.645370
0.671461
0.750900
0.766324
1.151418
0.775831
0.800816
0.966266
0.930683
1.692713
1.033335
1.068984
0.838402
0.818057
0.685482
0.890996
0.812644
0.738292
0.785289
0.820320
0.987953
1.013563
0.757532
0.851762
0.761302
0.975416
0.859469
0.865345
0.862289
0.888620
0.901962
1.336872
0.880617
1.012385
1.021502
1.099310
1.125719
0.864249
1.185301
1.118130
1.657881
1.164893
1.063659
1.036804
0.880932
0.838914
1.028228
1.127325
1.017429
1.300509
1.214692
1.168627
1.446349
1.368691
1.033254
1.035103
1.330224
0.947618
0.841971
0.966279
0.835157
1.014583
1.215507
1.119984
0.976788
0.846425
1.022105
0.980945
1.267504
1.133497
1.012095
1.192739
1.035417
1.259489
0.999032
1.029808
1.190353
1.133834
1.037511
1.179352
1.049728
1.171235
1.358168
1.282673
1.099319
1.148300
1.164180
0.958909
1.172259
1.184931
1.275381
1.510178
1.220651
1.184130
1.190830
1.132459
6.920520
1.253375
1.243255
1.396977
1.252949
1.581924
1.401638
1.681610
1.141638
1.274676
1.314705
1.566501
1.763782
1.309877
1.144257
1.322009
1.153512
1.157493
1.212106
1.557378
1.077899
1.030711
1.687827
1.051704
1.315968
1.341019
1.791746
1.761988
1.424881
1.261339
1.831447
1.662304
1.257586
1.683314
1.580042
1.258125
8.385933
1.469933
2.694373
1.811427
1.318986
1.478638
1.820054
1.498482
2.097648
1.466129
2.080813
1.281881
1.424095
2.451076
1.580540
1.583681
1.651580
1.770882
1.574218
1.593661
1.827787
1.783706
2.370420
3.003946
1.448035
1.442756
1.646673
1.663504
1.497845
1.643575
2.246161
2.126793
1.585182
1.665286
1.678904
5.218816
1.590493
2.035846
1.425458
1.421643
1.400525
1.614752
2.628742
1.587152
1.449066
1.435708
1.249698
1.458324
2.040010
2.213330
2.272545
1.420261
1.460196
2.190985
1.478976
1.302383
2.256513
1.913733
1.543948
1.520102
2.650581
1.717130
2.836852
2.059866
1.540401
1.530054
1.535560
1.521479
2.917698
1.786539
1.740322
1.766495
2.006044
1.798506
1.572974
1.567337
2.105315
1.974605
2.426058
2.861149
1.940177
1.805158
2.453731
1.498187
1.770450
2.468442
2.114542
2.453622
3.010559
3.513878
2.489378
2.562319
1.810061
2.403892
2.353857
2.315294
1.555066
1.838700
1.980734
1.805464
2.513351
1.817602
2.717601
3.041134
2.087486
2.142042
2.318852
1.836478
2.993826
2.074074
2.086181
1.874572
2.848495
2.322887
2.026880
2.219031
1.987573
2.041850
2.527322
1.996957
2.185955
2.451021
2.472280
2.220599
2.215475
3.998689
2.245548
2.628582
1.968956
3.217323
2.148727
1.928621
1.915933
2.203187
2.445563
1.862494
3.151079
