0.014061
0.014141
0.016252
0.012453
0.012541
0.012147
0.012629
0.012997
0.012393
0.012427
0.012671
0.012390
0.012196
0.015940
0.015205
0.017869
0.014500
0.012701
0.012703
0.012263
0.012197
0.012264
0.012831
0.012422
0.012084
0.012180
0.012211
0.012386
0.012165
0.014486
0.017316
0.016299
0.014390
0.012419
0.012179
0.012285
0.013066
0.012494
0.012465
0.012322
0.012650
0.012109
0.012603
0.012903
0.012268
0.013093
0.012927
0.012661
0.012845
0.012547
0.012115
0.013002
0.012543
0.012546
0.016985
0.017043
0.017085
0.013988
0.013069
0.012292
0.012307
0.012290
0.012342
0.012190
0.012182
0.013152
0.012486
0.012212
0.012139
0.012174
0.012664
0.012546
0.012269
0.012113
0.012206
0.012165
0.012162
0.012231
0.012571
0.012266
0.012492
0.015084
0.017015
0.014480
0.013749
0.014611
0.012187
0.012687
0.012355
0.012201
0.012286
0.012477
0.012242
0.012645
0.012197
0.012159
0.013830
0.015619
0.015459
0.013352
0.013603
0.012165
0.012429
0.012236
0.012316
0.012136
0.012190
0.012179
0.012237
0.012710
0.012201
0.012283
0.012100
0.012229
0.011999
0.012305
0.012400
0.012490
0.012718
0.012696
0.012284
0.012212
0.012106
0.012383
0.012397
0.012266
0.012033
0.012152
0.012090
0.012133
0.012491
0.012292
0.012459
0.012075
0.012409
0.012264
0.012490
0.012347
0.012318
0.011978
0.012099
0.014923
0.012399
0.012596
0.012230
0.011976
0.012261
0.012053
0.012448
0.012282
0.016352
0.015507
0.016422
0.012738
0.012304
0.012333
0.012196
0.012501
0.012103
0.012354
0.012317
0.012187
0.012122
0.012194
0.012471
0.012260
0.014290
0.014393
0.014354
0.012414
0.012657
0.012262
0.012332
0.012429
0.012302
0.012123
0.020015
0.012310
0.017188
0.012484
0.012092
0.012049
0.032304
0.020254
0.014118
0.012614
0.012382
0.012369
0.012352
0.012236
0.012208
0.012096
0.012251
0.012087
0.012396
0.012464
0.012434
0.012434
0.012711
0.012238
0.012214
0.012098
0.012732
0.012182
0.011880
0.012327
0.012338
0.012479
0.012424
0.013037
0.013265
0.012284
0.012447
0.012326
0.012391
0.012223
0.012175
0.012535
0.012302
0.012361
0.017895
0.014876
0.012627
0.013251
0.012712
0.012720
0.013166
0.012450
0.016840
0.014498
0.013068
0.012457
0.014802
0.013230
0.014882
0.016716
0.015465
0.015725
0.014025
0.013000
0.012193
0.012173
0.012183
0.012221
0.012332
0.012224
0.012099
0.012483
0.012738
0.012293
0.012535
0.012499
0.012518
0.012418
0.012213
0.012450
0.012200
0.012033
0.012111
0.015365
0.015525
0.015487
0.012758
0.013626
0.012250
0.012220
0.012296
0.012483
0.012182
0.012203
0.012393
0.012400
0.012219
0.012662
0.012454
0.012285
0.012599
0.012140
0.013019
0.012208
0.012186
0.012347
0.012149
0.012417
0.012221
0.012584
0.012301
0.012476
0.012282
0.012577
0.012498
0.012804
0.012240
0.012668
0.012100
0.012390
0.012420
0.012462
0.012625
