0.065425
0.118488
0.084159
0.045716
0.044346
0.038452
0.036674
0.039099
0.057534
0.049573
0.037962
0.059317
0.037120
0.037209
0.036639
0.037041
0.036748
0.036521
0.036287
0.036860
0.037360
0.059917
0.053956
0.045095
0.041347
0.036288
0.036094
0.048238
0.062405
0.035951
0.036227
0.054075
0.071254
0.064557
0.043160
0.036339
0.036318
0.049335
0.058273
0.057817
0.046156
0.037169
0.047724
0.046456
0.048183
0.046633
0.035900
0.048467
0.045765
0.035542
0.035898
0.058974
0.061194
0.058478
0.058694
0.046869
0.038931
0.035795
0.035862
0.036174
0.036483
0.037005
0.052108
0.049891
0.036759
0.038516
0.035593
0.048053
0.045967
0.048519
0.058798
0.058137
0.058109
0.045979
0.035797
0.048996
0.058515
0.046088
0.035867
0.048415
0.061345
0.046394
0.035720
0.048549
0.046312
0.035933
0.036111
0.035978
0.048501
0.058347
0.045511
0.036595
0.035693
0.036078
0.038229
0.035487
0.037078
0.036209
0.049164
0.061342
0.046091
0.080245
0.074483
0.048835
0.046581
0.048382
0.057848
0.046906
0.036174
0.047054
0.052159
0.036318
0.036080
0.048733
0.046221
0.035474
0.048134
0.046395
0.036855
0.035894
0.036015
0.035654
0.035751
0.048625
0.061178
0.045934
0.037914
0.049672
0.046364
0.048594
0.058065
0.046630
0.048678
0.052513
0.036331
0.036475
0.036285
0.059047
0.041061
0.035993
0.036297
0.036246
0.035872
0.035881
0.050860
0.054024
0.051139
0.041247
0.036096
0.036028
0.058135
0.035844
0.052255
0.047425
0.056655
0.041112
0.037315
0.036382
0.036044
0.035909
0.035862
0.035779
0.040532
0.049084
0.041405
0.036089
0.036219
0.036137
0.055815
0.036134
0.036017
0.041085
0.036486
0.036329
0.036447
0.035961
0.036436
0.062337
0.043968
0.036968
0.037480
0.041185
0.035869
0.036279
0.036272
0.041239
0.037538
0.037105
0.037264
0.037988
0.036554
0.036745
0.037226
0.037011
0.052192
0.049242
0.039800
0.039546
0.037056
0.036691
0.036882
0.038457
0.038864
0.036624
0.054463
0.050226
0.041451
0.043020
0.043153
0.042265
0.041617
0.041536
0.042139
0.063946
0.055000
0.041965
0.041275
0.041590
0.040962
0.041173
0.041084
0.057156
0.053183
0.041656
0.042459
0.041703
0.041343
0.041282
0.042055
0.041220
0.048517
0.055075
0.045938
0.041534
0.041167
0.041053
0.038911
0.035891
0.035956
0.036394
0.036196
0.036439
0.036010
0.045485
0.052505
0.037211
0.038865
0.036549
0.036531
0.036382
0.035997
0.036198
0.035825
0.036264
0.036072
0.036853
0.051666
0.040306
0.036011
0.036593
0.036472
0.036412
0.037273
0.035898
0.035924
0.036416
0.036137
0.049776
0.051077
0.037345
0.036506
0.036471
0.036751
0.036488
0.036191
0.036644
0.035995
0.036258
0.035932
0.036172
0.035827
0.048928
0.046291
0.037094
0.036535
0.036274
0.038919
0.036107
0.036008
0.036058
0.040432
0.036656
0.036337
0.037037
0.036356
0.036448
0.036160
0.035921
0.058989
0.041887
0.038666
0.044303
0.051037
0.037397
0.036741
0.036245
0.035844
0.038993
0.038809
0.036991
0.036720
0.036396
0.036465
0.053609
0.039257
0.036569
0.036287
0.036447
0.035736
0.036241
0.036633
0.055364
0.041062
0.036394
0.035752
0.036608
0.035991
0.036481
0.036612
0.036263
0.036548
0.036296
0.036535
0.036473
0.042582
0.044489
0.036880
0.036561
0.036761
0.042471
0.036240
0.036600
0.050138
0.049136
0.040917
0.045455
0.041071
0.041157
0.041457
0.042817
0.041326
0.041437
0.041060
0.041684
0.053929
0.044615
0.041028
0.041300
0.041452
0.041379
0.040895
0.042244
0.053041
0.047271
0.045270
0.042645
0.042719
0.058369
0.048942
0.047952
0.042987
0.044920
0.062469
0.042150
0.046837
0.049636
0.038966
0.037147
0.049223
0.051245
0.037448
0.037031
0.040668
0.045166
0.050583
0.038280
0.036862
0.044099
0.068875
0.046642
0.036609
0.037728
0.036436
0.037544
0.037386
0.040206
0.037083
0.036739
0.036453
0.036189
0.037227
0.036665
0.035780
0.036200
0.036578
0.036789
0.036069
0.036815
0.036528
0.036498
0.036496
0.036855
0.037484
0.037811
0.036299
0.036214
0.036374
0.036929
0.036363
0.036583
0.039481
0.038074
0.037864
0.039043
0.039541
0.038880
0.036136
0.036613
0.046752
0.045604
0.039687
0.035958
0.036371
0.036319
0.036652
0.036392
0.038172
0.048053
0.036620
0.039718
0.036001
0.036631
0.035940
0.036786
0.036485
0.036016
0.036708
0.036805
0.036226
0.036471
0.037764
0.038896
0.035873
0.036180
0.039887
0.046434
0.038410
0.036344
0.036095
0.036343
0.036099
0.036295
0.052040
0.041433
0.037544
0.036824
0.036836
0.036045
0.036940
0.037243
0.036259
0.036638
0.036290
0.036900
0.049629
0.036894
0.036997
0.036304
0.037025
0.036919
0.037377
0.037198
0.036268
0.036655
0.045351
0.041223
0.041763
0.042164
0.053943
0.051353
0.040670
0.041976
0.041220
0.041845
0.041499
0.041325
0.041432
0.041522
0.066212
