0.000900
0.002076
0.009947
0.023171
0.038164
0.058663
0.082942
0.110019
0.156259
0.203007
0.245656
0.318785
0.387786
0.471903
0.528930
0.612919
0.687905
0.782067
0.795240
0.780947
0.832371
0.890684
0.956976
1.029728
1.117393
1.191511
1.333636
1.392553
1.418598
1.354776
1.258139
1.171480
1.169955
0.865067
2.149265
0.581508
0.567827
0.470292
0.359301
0.306619
0.267210
0.313535
0.330352
0.321078
0.279640
0.318116
0.364921
0.397992
0.456668
0.521758
0.643276
0.637545
0.709689
0.769394
0.876641
0.964328
1.121078
1.324931
1.558783
1.804630
1.899040
2.060229
2.532575
2.734163
3.034612
3.195114
3.353608
3.528247
3.687901
3.918848
4.060496
4.332389
4.600376
5.325752
5.506461
5.818875
5.961911
6.235202
6.319688
6.788697
7.003400
7.559015
7.620438
7.560132
7.643283
8.011792
8.471293
8.769691
9.071970
9.202766
9.720986
9.707129
10.056898
10.212092
10.546678
10.973526
11.252209
11.362609
11.324266
11.464759
11.549331
12.188229
12.400268
12.776781
13.506711
13.280183
13.430965
12.294818
14.680694
14.703106
28.180100
29.070037
8.363481
45.643772
112.758138
199.789586
353.370498
