0.012477
0.011405
0.013005
0.012942
0.013197
0.010867
0.011030
0.010646
0.011138
0.010950
0.013686
0.013521
0.011273
0.011008
0.011853
0.011083
0.011803
0.010493
0.012663
0.011252
0.011342
0.010520
0.011053
0.010998
0.010767
0.010636
0.010629
0.011162
0.011272
0.010970
0.010665
0.011293
0.011265
0.010747
0.010261
0.011215
0.011203
0.010647
0.010255
0.010254
0.011768
0.011220
0.011171
0.011308
0.011211
0.011093
0.011341
0.011046
0.010761
0.011148
0.011374
0.010509
0.011563
0.011010
0.010238
0.010479
0.010985
0.010723
0.010778
0.010552
0.010605
0.010168
0.013158
0.011121
0.010300
0.010317
0.011147
0.010977
0.010428
0.010758
0.010983
0.011083
0.011493
0.011016
0.010639
0.011063
0.011230
0.011124
0.010326
0.011137
0.011230
0.011141
0.010311
0.010889
0.011248
0.011059
0.010390
0.010808
0.011267
0.010815
0.011525
0.011152
0.011221
0.010274
0.011425
0.011063
0.010878
0.010232
0.010326
0.010975
0.010850
0.010915
0.010814
0.011269
0.011284
0.011566
0.011075
0.011735
0.010641
0.010304
0.011643
0.010866
0.010331
0.011182
0.011458
0.010910
0.010381
0.011756
0.011044
0.010521
0.010387
0.010891
0.011445
0.010720
0.011241
0.011204
0.011233
0.010363
0.011404
0.010886
0.012203
0.010521
0.012041
0.011217
0.010354
0.010469
0.011373
0.010672
0.010392
0.011748
0.011252
0.010304
0.010996
0.011063
0.010686
0.011534
0.011030
0.011123
0.010322
0.011152
0.011235
0.010648
0.010674
0.011350
0.011306
0.011155
0.011722
0.011996
0.010350
0.011892
0.010985
0.010726
0.010639
0.010931
0.010947
0.011189
0.011056
0.011146
0.011403
0.011122
0.010712
0.011086
0.011069
0.010237
0.011993
0.010756
0.012158
0.010458
0.011347
0.010983
0.010624
0.011125
0.011083
0.010254
0.011018
0.011071
0.010964
0.011168
0.011478
0.011007
0.011352
0.011672
0.011064
0.010428
0.010727
0.011113
0.012101
0.011412
0.011271
0.010305
0.010631
0.011407
0.011115
0.012364
0.011702
0.010922
0.010801
0.011762
0.010685
0.010964
0.010705
0.010973
0.010376
0.012406
0.010523
0.010806
0.010890
0.011352
0.011308
0.011166
0.010404
0.011409
0.010886
0.011743
0.010747
0.010543
0.011313
0.011109
0.010466
0.011293
0.010944
0.010471
0.012528
0.011173
0.010435
0.011341
0.011000
0.011019
0.010262
0.011728
0.011220
0.010286
0.011343
0.011189
0.010513
0.010924
0.011583
0.011173
0.011710
0.010283
0.011516
0.011112
0.010663
0.010985
0.010425
0.011183
0.011254
0.010807
0.011685
0.011201
0.010687
0.011690
0.012404
0.010425
0.011239
0.010632
0.011003
0.010427
0.011300
0.010938
0.010625
0.010495
0.011322
0.011095
0.010864
0.011124
0.010747
0.011262
0.010394
0.010792
0.010843
0.010383
0.010898
0.011338
0.010774
0.010854
0.011001
0.011526
0.011315
0.010320
0.011620
0.010265
0.011181
0.011432
0.012700
0.011000
0.010928
0.010911
0.010819
0.011308
0.010370
0.011240
0.011098
0.011312
0.011372
0.010409
0.011070
0.010403
0.010518
0.011557
0.010720
0.011548
0.010268
0.010979
0.010722
0.010891
0.011190
0.010288
0.011641
0.010355
0.011739
0.010961
0.010515
0.010854
0.011316
0.011350
0.011012
0.010218
0.011254
0.010665
0.011025
0.010531
0.011718
0.010883
0.011545
0.010259
0.011019
0.010346
0.011173
0.011487
0.010974
0.010659
0.010549
0.010710
0.011319
0.010902
0.010247
0.011119
0.010762
0.011147
0.010242
0.011492
0.010423
0.011350
0.010371
0.011912
0.010684
0.011206
0.010590
0.011320
0.010572
0.011013
0.012044
0.011009
0.011255
0.010700
0.010969
0.010240
0.011135
0.010832
0.011294
0.010592
0.012139
0.010694
0.011434
0.010745
0.010624
0.010945
0.011221
0.010609
0.011112
0.010399
0.011366
0.010863
0.010573
0.011161
0.010944
0.011075
0.012433
0.012573
0.010988
0.011349
0.010516
0.010516
0.011186
0.010654
0.011125
0.011186
0.011241
0.010548
0.010989
0.010937
0.011343
0.010597
0.010766
0.011338
0.012714
0.011668
0.013373
0.011059
0.010313
0.011248
0.010459
0.011118
0.010227
0.011332
0.010843
0.010521
0.011093
0.011573
0.010881
0.011267
0.010699
0.010882
0.011189
0.010514
0.010716
0.010316
0.011165
0.010331
0.010906
0.011559
0.011266
0.011132
0.011111
0.011024
0.010804
0.011602
0.011426
0.010553
0.011452
0.010762
0.010928
0.010764
0.011000
0.010398
0.011317
0.011355
0.010489
0.011178
0.011020
0.010814
0.011566
0.010330
0.010628
0.011229
0.012197
0.010979
0.011745
0.011178
0.010642
0.010900
0.010359
0.012443
0.010772
0.010417
0.011300
0.010491
0.012496
0.011109
0.010441
0.010740
0.011127
0.011270
0.012399
0.010542
0.010380
0.010594
0.011355
0.011213
0.010657
0.011374
0.011606
0.010209
0.011109
0.010749
0.010453
0.011247
0.010931
0.011167
0.010717
0.010660
0.011627
0.010710
0.010666
0.011215
0.010447
0.010807
0.011402
