1.065273
0.543080
0.276234
0.242474
0.377479
0.572312
0.346810
0.302235
0.416130
0.380014
0.252655
0.423710
0.382306
1.183562
0.775266
0.571167
0.427113
0.698606
1.011206
0.913514
0.751879
0.563706
0.506066
1.178582
0.429584
0.621649
2.253553
0.907077
0.498303
0.606298
0.811437
0.590650
0.942589
0.653389
0.880054
0.998149
0.713000
0.834216
0.449592
0.810131
0.781625
1.345473
1.788149
1.320389
0.842714
0.729083
0.605557
0.838036
0.720459
0.750367
3.213452
0.979527
0.694976
0.775743
1.199915
1.172443
0.977104
1.251076
1.445879
0.902126
1.597393
1.074701
0.870877
0.750554
1.246114
1.683210
1.119211
0.842176
1.546290
0.445437
0.651715
0.435797
0.962734
0.814892
1.095265
1.090527
0.888738
0.504019
0.885822
0.656972
1.467191
0.868801
1.508062
0.618939
1.501119
0.887693
1.241133
1.888069
1.489047
1.243921
1.424065
1.282041
0.820658
1.274786
1.665559
1.314951
1.158918
2.585105
1.089149
1.180903
1.470760
1.140256
0.638486
0.833679
1.499536
2.535862
0.873781
2.146225
2.023633
2.572939
3.345547
1.903020
2.124839
1.588882
1.355907
1.615971
1.333611
2.711501
2.575299
3.641931
2.578760
2.427895
3.424050
2.684321
2.012730
3.930187
2.926187
2.651180
2.667030
3.946762
1.572791
2.180853
2.463050
3.228638
2.801164
2.295671
3.283961
2.552896
2.762020
3.565388
3.061871
3.183638
1.227682
1.862104
1.410035
1.866851
1.939500
2.173604
2.182004
1.904208
1.829646
2.501911
4.629230
1.926613
2.786919
1.823419
2.616564
1.436430
1.395144
1.649755
2.704847
2.130684
2.733042
2.098191
2.004453
3.733403
1.604145
2.948957
1.277247
1.653970
3.148203
1.948722
2.725725
2.817429
2.303043
2.800431
1.273293
1.845886
1.514819
2.633961
2.211903
3.328139
2.947777
8.277308
2.209532
7.162292
3.840228
4.680479
3.927288
2.770790
2.960795
2.833232
4.416836
4.132459
4.451993
3.650156
1.434833
2.548453
1.650425
2.097264
4.950222
4.788097
2.125252
1.837710
1.937762
2.506697
3.917368
5.949017
5.079827
4.827331
3.520008
4.724330
1.773652
2.479048
2.314679
4.798856
5.117969
3.491737
8.565272
1.933121
3.451174
3.016688
3.018070
5.723513
4.496112
3.907886
4.224353
3.150373
3.048124
4.327073
1.717089
2.518572
6.150093
4.761067
3.973450
2.735475
3.067477
3.862174
2.495911
6.165315
4.655129
3.852214
4.271500
4.460447
5.115452
5.775357
1.952086
3.726435
2.516997
6.719411
7.646615
4.528626
6.533428
5.792739
2.367481
3.047249
4.410174
2.942285
6.493798
7.139787
5.163903
6.171183
4.185487
6.925971
2.330443
4.674084
2.705051
8.274292
6.441646
5.803063
5.562894
5.152224
4.189134
5.675034
2.661610
7.322666
5.257969
4.967715
10.162253
4.417518
14.005870
9.458193
9.139549
6.598717
5.539979
6.579187
4.967453
4.171117
6.565487
7.453651
18.650840
4.678244
3.541806
6.813944
6.338327
7.114058
5.255781
5.273331
4.237880
7.314179
12.981499
9.553021
6.429588
10.770351
5.529286
6.142212
7.283785
8.781102
11.275708
6.005932
3.667324
3.855556
5.739464
11.753849
9.071567
4.900885
3.758202
3.670823
5.294852
3.642661
7.777424
14.953957
7.717773
18.262134
8.390032
8.973380
9.866554
5.917162
8.733369
8.568261
3.537586
7.194716
4.894686
4.633523
12.195994
4.459817
6.817654
3.840893
7.179786
9.309193
5.381256
5.285310
7.890270
3.525103
6.523429
13.612280
10.715966
9.418418
12.208742
8.253548
15.180667
9.248204
4.778582
7.806905
6.657440
17.439613
11.564211
11.683471
9.377995
10.674421
8.004092
8.040710
12.392024
10.010026
12.479552
16.054036
10.189752
12.367859
9.354950
4.179509
10.491682
9.080902
11.483023
10.502062
9.291739
12.366166
9.538981
9.141141
24.720778
13.333709
37.774495
17.201756
12.600035
18.430240
22.890625
14.273132
17.148619
18.815949
13.696690
22.755584
30.343628
9.424907
5.209908
5.102142
4.847645
10.007320
12.903938
15.317164
22.270103
14.189462
11.600743
10.996251
17.949455
10.232912
24.127126
33.377716
16.853152
13.987677
10.021759
9.229495
11.385662
27.123408
16.190916
15.079626
14.112049
11.320693
11.054979
12.870190
13.197873
18.545821
11.197796
17.001453
10.021844
5.857963
9.628550
7.011793
11.858243
11.927704
13.960848
18.684511
13.515236
16.504067
14.359211
13.874148
15.417912
12.602971
11.820453
4.124167
5.012544
5.302286
4.637862
8.986193
10.896048
