0.013915
0.009360
0.004760
0.002863
0.001400
0.001392
0.002382
0.001619
0.002616
0.001659
0.001457
0.001217
0.001181
0.001633
0.001198
0.001168
0.001291
0.001318
0.001334
0.001243
0.004387
0.007125
0.001696
0.001629
0.001329
0.001742
0.001327
0.001205
0.001553
0.001133
0.005146
0.005775
0.001586
0.001698
0.001576
0.001529
0.001726
0.001789
0.001860
0.001873
0.002117
0.002323
0.002057
0.002240
0.002433
0.002299
0.002112
0.002352
0.002206
0.002232
0.003074
0.001938
0.002008
0.002155
0.002146
0.002226
0.002014
0.001917
0.002033
0.002167
0.002923
0.001868
0.001963
0.003213
0.001598
0.001617
0.001725
0.002228
0.002379
0.002338
0.002592
0.002717
0.002756
0.002865
0.002640
0.002403
0.002837
0.002928
0.005926
0.003084
0.003284
0.002709
0.003277
0.003307
0.003550
0.003240
0.003111
0.003322
0.002756
0.002990
0.003297
0.002881
0.003362
0.002927
0.002817
0.002837
0.002758
0.002757
0.002965
0.003521
0.002708
0.002739
0.003546
0.002794
0.003116
0.003439
0.003137
0.002798
0.002751
0.003308
0.003062
0.003403
0.002743
0.003216
0.003134
0.002773
0.004875
0.002908
0.002678
0.002968
0.003484
0.002406
0.003210
0.002881
0.003977
0.002743
0.002447
0.002527
0.002639
0.002823
0.002937
0.002600
0.002736
0.002668
0.002644
0.002719
0.002466
0.002650
0.003484
0.002609
0.002467
0.002384
0.002572
0.002399
0.003676
0.002873
0.002511
0.003190
0.002285
0.002128
0.002210
0.001869
0.001953
0.001917
0.001759
0.001420
0.001826
0.002126
0.001819
0.001636
0.002020
0.002145
0.002056
0.002454
0.002415
0.002001
0.002008
0.002032
0.001783
0.002655
0.002320
0.002821
0.002432
0.002606
0.002780
0.001881
0.003269
0.003083
0.003505
0.002554
0.002715
0.003086
0.002919
0.003171
0.003130
0.003081
0.003710
0.003265
0.003191
0.002642
0.003389
0.002817
0.002828
0.003057
0.003487
0.003034
0.002994
0.002250
0.002275
0.002704
0.002949
0.002438
0.003238
0.002892
0.002061
0.002856
0.002077
0.002511
0.002711
0.002971
0.002754
0.003124
0.003064
0.002986
0.003150
0.002655
0.003093
0.003172
0.003638
0.003147
0.003705
0.003396
0.004033
0.003105
0.003159
0.003300
0.003377
0.003634
0.003602
0.002938
0.003579
0.003192
0.003600
0.003142
0.003105
0.002334
0.002556
0.002659
0.002911
0.004424
0.003305
0.003226
0.003370
0.002881
0.002996
0.003319
0.003344
0.002577
0.003272
0.003568
0.002823
0.003176
0.002932
0.003284
0.003023
0.002888
0.002861
0.002905
0.002557
0.002824
0.002450
0.002677
0.003257
0.002753
0.002770
0.002449
0.002649
0.002596
0.003108
0.002791
0.002955
0.002557
0.003068
0.002965
0.002560
0.002563
0.003249
0.002762
0.002348
0.002427
0.002883
0.001771
0.002418
0.002807
0.002493
0.002402
0.002603
0.002254
0.002293
0.001803
0.002099
0.001639
0.002049
0.002103
0.002102
0.001879
0.001599
0.002588
0.002126
0.002425
0.002171
0.002059
0.002105
0.002303
0.001938
0.003104
0.001863
0.001774
0.001809
0.002641
0.001964
0.002191
0.002084
0.002375
0.002535
0.001863
0.002703
0.002740
0.003459
0.002220
0.002804
0.003382
0.003506
0.003202
0.003559
0.002983
0.003014
0.003202
0.003385
0.004029
0.003056
0.003964
0.003398
0.002941
0.002761
0.003134
0.003053
0.002568
0.002864
0.002389
0.002962
0.002680
0.002374
0.002006
0.002657
0.002403
0.002777
0.003420
0.002164
0.003856
0.003109
0.003111
0.003168
0.003360
0.003377
0.003478
0.003156
0.002922
0.003390
0.002953
0.003804
0.004076
0.003650
0.003483
0.003524
0.003205
0.003964
0.004296
0.003400
0.003164
0.002848
0.003121
0.003057
0.003478
0.002799
0.003480
0.002908
0.002900
0.002821
0.003426
0.003173
0.003211
0.002994
0.002816
0.003037
0.003538
0.003040
0.002659
0.002498
0.003042
0.003014
0.003485
0.003203
0.003048
0.003307
0.002868
0.002873
0.003010
0.002896
0.002799
0.002679
0.002571
0.002752
0.003224
0.002521
0.002426
0.002305
0.002450
0.003447
0.003118
0.002825
0.002261
0.002622
0.002125
0.002432
0.002692
0.002025
0.002512
0.002566
0.002408
0.002504
0.002328
0.002253
0.001861
0.002582
0.002699
0.002177
0.002612
0.002289
0.001881
0.001796
0.002176
0.001899
0.001500
0.001311
0.001867
0.001864
0.002533
0.001782
0.002139
0.002578
0.002134
0.002547
0.002062
0.002452
0.002075
0.001738
0.001889
0.002625
0.001795
0.002493
0.002540
0.002713
0.002449
0.001986
0.001942
0.002566
0.002902
0.002881
0.002692
0.002951
0.003313
0.003010
0.003019
0.003188
0.002686
0.003590
0.003185
0.003395
0.003476
0.003246
0.002589
0.003181
0.004025
0.002700
0.003349
0.002449
0.002710
0.002536
0.002943
0.003037
0.002193
0.002685
0.002373
0.002481
0.002168
0.002660
0.002123
0.002555
0.003098
0.002819
0.003020
0.003015
0.003749
0.003249
0.003038
0.003172
0.002578
0.003025
