0.000000
0.355661
1.772384
4.530491
8.900522
15.301164
23.773268
34.671627
46.225715
46.941564
47.884455
50.957747
57.271292
67.338394
82.054917
101.918343
127.673745
160.061258
200.440777
249.616747
306.685804
353.758428
389.994835
433.694472
486.939189
552.861342
626.005109
705.426296
776.477810
848.344671
924.099691
1042.605330
1065.747971
1079.410852
1095.259226
1112.505114
1130.379585
1160.427189
1180.365965
1222.271116
1264.942477
1317.860350
1388.887814
1456.091630
1515.604929
1579.116238
1640.728855
1717.038490
1791.966990
1871.038026
1947.902653
2020.615227
2098.853435
2172.815058
2249.299040
2325.744052
2402.775401
2480.434421
2556.795506
2630.948959
2705.585077
2780.649338
2855.207123
2925.216299
2993.870486
3061.016009
3127.842580
3173.289772
3220.101155
3249.320677
3281.738285
3309.414621
3325.051709
3327.853913
3322.350681
3325.860953
3314.402175
3299.013292
3280.143761
3260.317544
3241.126532
3220.978743
3188.816005
3153.525346
3119.652527
3080.539511
3040.691614
2995.897084
2951.954196
2903.901569
2855.734692
2804.256101
2749.719407
2692.351345
2632.241553
2571.052224
2506.616899
2437.082589
2368.560538
2295.922302
2221.410791
2141.413577
2061.511214
1980.992953
1900.304622
1817.781408
1743.868821
1666.512769
1592.308807
1511.514262
1433.254450
1357.589668
1284.448000
1217.007777
1150.324652
1072.298524
1009.642070
904.589533
819.713567
722.980945
634.395791
552.370676
475.499290
404.057852
336.095005
282.909461
222.010897
173.537091
130.075685
92.762305
61.846059
37.329129
18.524300
6.562101
1.210713
2.761629
11.372425
25.413509
42.454121
49.102051
40.366419
31.038287
28.094482
27.959998
62.392819
63.990401
43.237066
52.876345
51.466868
65.412272
88.646480
118.809931
156.798907
201.656826
252.742531
310.428837
375.603112
447.987025
523.969285
577.336121
561.026706
603.314463
660.471184
726.885243
803.392116
888.472357
982.279828
1081.380705
1162.914874
1239.511783
1316.446480
1426.460842
1463.603365
1479.090074
1496.145971
1512.167723
1531.165649
1563.893238
1586.404474
1639.194806
1703.576379
1772.162390
1863.055494
1949.330221
2026.632971
2108.513037
2188.086478
2284.995364
2379.138938
2474.936899
2571.295940
2659.655514
2751.056938
2838.632386
2930.506810
3020.275350
3110.351330
3198.536593
3284.745183
3370.731670
3455.861554
3539.276281
3621.020036
3699.538513
3775.800392
3847.682900
3913.519157
3960.228114
4006.169421
4037.202803
4068.564441
4092.647447
4102.285494
4098.076148
4085.718703
4086.481027
4066.906081
4044.872376
4021.556346
3995.444722
3970.071176
3941.681127
3904.742265
3864.468024
3824.247882
3776.758699
3726.795880
3671.556986
3617.937858
3554.575274
3496.562506
3433.108960
3368.067019
3296.245242
3220.926746
3140.767485
3061.467634
2985.535498
2904.664721
2823.022990
2737.911207
2651.124773
2566.360763
2485.955082
2406.409309
2325.263312
2251.098836
2177.417931
2104.425684
2026.238950
1948.015446
1867.875892
1791.736390
1719.748552
1643.619278
1549.905796
1463.282595
1363.046703
1258.646182
1134.893631
1021.190628
916.081488
817.252319
725.267572
636.310825
561.950043
478.789089
407.711966
343.896321
287.741219
237.791851
194.296446
159.053292
131.243928
112.138982
100.793349
95.449269
88.627159
94.616298
87.184558
58.978927
42.993772
36.088942
30.849983
88.783180
66.480883
50.943170
11.302689
8.259672
6.400861
0.630188
2.715758
12.839797
31.047561
57.118404
91.379368
133.306767
182.432390
238.224033
294.189655
293.950618
356.413581
435.813752
527.141014
630.201785
743.103784
866.357878
994.665294
1106.824138
1213.339624
1317.172822
1450.501725
1530.127973
1546.704338
1559.075400
1568.763639
1526.756952
1119.136033
1348.909196
1726.223679
1835.932445
1932.132082
2049.983230
2159.986705
2261.022316
2362.368715
2462.394578
2574.913692
2685.611815
2800.464312
2909.765377
3011.585177
3113.845793
3214.745861
3314.792055
3413.073051
3510.217179
3602.973623
3696.246834
3786.493162
3875.261990
3959.562359
4038.764591
4116.428184
4188.754997
4258.804514
4321.225999
4363.559871
4402.216326
4424.939967
4445.662241
4456.218872
4457.151263
4442.393420
4418.723789
4405.504781
4372.732370
4334.253693
4297.062141
4257.272238
4215.690015
4172.448478
4121.852695
4066.682494
4008.318246
3947.451896
3885.696351
3820.393077
3749.304739
3672.277301
3593.044040
3514.864272
3432.426738
3350.006257
3265.372095
3183.245770
3092.640779
3001.999226
2915.286458
2826.227579
2734.510229
2639.195592
2547.027409
2455.724199
2365.772212
2270.815005
2182.241164
2093.610548
2008.355866
1920.403113
1835.278448
1753.157152
1672.565681
1598.794248
1524.560936
1437.388434
1355.417956
1261.177857
1158.069821
1038.959360
927.914245
822.976765
722.988504
632.145863
547.913811
476.072179
399.002884
334.022066
274.856639
224.283452
181.205624
144.448582
116.464032
95.840825
83.786817
79.934205
81.589008
83.540777
96.723016
94.334559
65.611338
46.189513
38.415876
32.280025
81.259947
67.050111
50.511808
8.637361
5.451366
3.116063
8.539075
20.273758
41.313140
70.886796
108.627903
154.371864
207.581336
268.706547
335.993587
402.861964
402.974673
480.689566
574.345703
678.701770
794.049738
918.601694
1051.972998
1188.913847
1305.856356
1416.496645
1522.777048
1658.597345
1734.528173
1751.737698
1760.047927
1693.342622
1059.955961
1163.565175
1469.077020
1935.802713
2053.750319
2150.188219
2266.856978
2376.002808
2475.917689
2577.426048
2675.529414
2789.100928
2898.645036
3011.813027
3119.813881
3217.738613
3317.511806
3414.083736
3510.371373
3604.727056
3698.854472
3790.091488
3876.100313
3959.111454
4041.737253
4121.754876
4199.876374
4274.761790
4341.682665
4408.840656
4469.165194
4508.454351
4545.589375
4562.229766
4576.351543
4582.574205
4576.406951
4558.333669
4527.432655
4510.369488
4471.516209
4428.989389
4387.767788
4343.120829
