0.000000
0.001728
0.000463
0.000296
0.000102
0.000284
0.000107
0.000539
0.000230
0.000410
0.000245
0.000116
0.000307
0.000829
0.000025
0.000453
0.000262
0.000235
0.000397
0.000478
0.000121
0.001093
0.000242
0.000145
0.000113
0.000138
0.000051
0.000344
0.000095
0.000454
0.001385
0.000816
0.000221
0.000239
0.000514
0.000231
0.000090
0.000255
0.000728
0.000113
0.000222
0.000160
0.000364
0.000072
0.000841
0.000418
0.000149
0.000152
0.000347
0.000472
0.000014
0.000331
0.000340
0.001062
0.000316
0.000036
0.000646
0.000138
0.000272
0.000146
0.000107
0.000181
0.000449
0.000021
0.001164
0.000396
0.000491
0.001563
0.000152
0.000641
0.001269
0.002076
0.000990
0.001375
0.001213
0.001662
0.001153
0.000473
0.000677
0.000339
0.001166
0.000798
0.001315
0.001020
0.000126
0.000218
0.000152
0.000369
0.000178
0.001047
0.000386
0.000233
0.000943
0.000264
0.000050
0.000166
0.000036
0.000215
0.000113
0.000719
0.000149
0.000699
0.000142
0.000215
0.000063
0.000400
0.000170
0.000259
0.000493
0.000840
0.000124
0.000746
0.000545
0.000269
0.000449
0.000681
0.000179
0.000815
0.000832
0.000717
0.000626
0.000079
0.000302
0.000118
0.001876
0.000351
0.000486
0.000907
0.000232
0.000461
0.000665
0.000689
0.000147
0.000572
0.000035
0.000710
0.000179
0.000228
0.000062
0.000077
0.000370
0.000110
0.000910
0.000448
0.000140
0.001088
0.000436
0.000592
0.001436
0.000365
0.000943
0.000788
0.001190
0.000983
0.000994
0.000469
0.000730
0.000602
0.000067
0.000344
0.000483
0.000933
0.001402
0.001530
0.000335
0.000095
0.000900
0.000170
0.000541
0.000092
0.000189
0.000177
0.000603
0.000174
0.000188
0.000286
0.000198
0.000208
0.000152
0.000287
0.000463
0.000086
0.001031
0.000307
0.000326
0.000382
0.000077
0.001241
0.000501
0.000245
0.000112
0.000554
0.000113
0.000623
0.000481
0.000111
0.000231
0.000012
0.000921
0.000656
0.000682
0.000164
0.000341
0.000328
0.000389
0.000593
0.000501
0.000025
0.000054
0.000243
0.000271
0.000284
0.000062
0.000057
0.000546
0.000394
0.000242
0.000213
0.000111
0.000267
0.000635
0.000084
0.000132
0.000233
0.000319
0.000330
0.000928
0.000172
0.000122
0.000140
0.000703
0.000055
0.000084
0.000551
0.000026
0.000241
0.000109
0.000294
0.000366
0.001659
0.000098
0.000348
0.000085
0.000096
0.000091
0.000687
0.000610
0.000295
0.000264
0.000107
0.000092
0.000049
0.000220
0.000241
0.000268
0.000152
0.000195
0.000043
0.000621
0.000573
0.000479
0.000047
0.000035
0.000233
0.000045
0.000102
0.001107
0.000140
0.000551
0.000088
0.000299
0.000674
0.001698
0.000376
0.000677
0.000108
0.000248
0.000106
0.000097
0.000053
0.000139
0.000355
0.000228
0.000066
0.000372
0.000267
0.000342
0.000440
0.000156
0.000070
0.000088
0.000327
0.000475
0.000377
0.000438
0.000121
0.000084
0.000350
0.000035
0.000265
0.000231
0.000038
0.000727
0.000018
0.000318
0.000059
0.000158
0.000328
18.096617
2339.632604
564.693484
894.898751
0.000212
0.000808
0.000451
0.000263
0.000417
0.000241
0.000162
0.000178
0.000285
0.000038
0.000137
0.000169
0.000171
0.000576
0.000104
0.000100
0.000128
0.000385
0.000356
0.000053
0.000212
0.000329
0.000573
0.000009
0.000137
0.000712
0.000325
0.000511
0.000040
0.000176
0.000139
0.000103
0.000488
0.000249
0.000668
0.000125
0.001241
0.000164
0.000893
0.000531
0.000281
0.000521
0.000543
0.000090
0.000064
0.000732
0.000184
0.000428
0.000232
0.000239
0.000784
0.000108
0.000198
0.000031
0.000795
0.000641
0.000048
0.001058
0.000304
0.000217
0.000106
0.000268
0.000032
0.000220
0.000195
0.000082
0.000469
0.000188
0.000189
0.000637
0.000211
0.000583
0.000209
0.000765
0.000682
0.000654
0.000565
0.000103
0.000105
0.000111
0.000253
0.000039
0.000404
0.000570
0.000679
0.000869
0.000467
0.000081
0.000633
0.000369
0.000062
0.000417
0.000470
0.000500
0.000613
0.000164
0.000202
0.000254
0.000073
0.000183
0.000050
0.000193
0.000131
0.000021
0.000240
0.000202
0.000093
0.000345
0.000160
0.000458
0.000440
0.000340
0.000120
0.001329
0.000052
0.000027
0.000055
0.000165
0.000208
0.000486
0.000101
0.000263
0.000379
0.000138
0.000318
0.000155
0.000061
0.000024
0.000062
0.000712
0.000083
0.000324
0.000404
0.000243
0.000078
0.000077
0.000522
0.000428
0.000367
0.000360
0.000529
0.000800
0.000090
0.000126
0.000398
0.000042
0.000868
0.000438
0.000398
0.000155
0.000887
0.000181
0.000650
0.000503
0.001126
0.000369
0.000131
0.000241
0.000425
0.000090
0.000370
0.000104
0.000381
0.000368
0.000373
0.000475
0.000045
0.000164
0.000203
0.000116
0.000331
0.000234
0.000708
0.000213
0.000198
0.000208
0.000340
0.000236
0.000294
0.000102
0.000667
0.000154
0.000237
0.000364
0.000262
0.000702
0.000268
0.000434
