0.110907
0.098347
0.089499
0.087355
0.101236
0.120908
0.114213
0.110916
0.113207
0.124628
0.105316
0.106726
0.111410
0.121138
0.130063
0.179074
0.150649
0.134733
0.133311
0.142635
0.155635
0.141058
0.131739
0.138987
0.132400
0.153947
0.168126
0.173043
0.184055
0.192896
0.194772
0.194519
0.209153
0.217279
0.215384
0.252370
0.271473
0.307363
0.294955
0.298696
0.313013
0.364880
0.342464
0.261623
0.341680
0.360013
0.378207
0.374708
0.425628
0.435930
0.405996
0.426324
0.441578
0.474196
0.443152
0.627006
0.466189
0.507861
0.477121
0.454072
0.803702
0.573816
0.544274
0.579734
0.613228
0.593540
0.587673
0.598742
0.668782
0.660746
0.606428
0.634915
0.647584
0.620391
0.655821
0.621911
0.624149
0.788114
0.767089
0.683998
0.795383
0.867038
0.824815
0.867211
0.892928
0.919318
0.895934
0.945471
0.784085
0.838278
0.805163
0.819960
0.888444
0.768810
0.860005
0.732441
0.906188
0.796548
0.792174
1.111244
1.119303
1.144898
1.134689
1.174869
2.383704
1.793202
2.181913
2.263972
2.263826
1.935724
2.409018
2.032770
2.902761
2.929261
3.030632
3.063479
3.114479
3.236983
2.338344
3.327429
2.944669
2.527021
2.522225
2.557145
2.614559
2.680092
2.745250
3.829919
3.913553
3.978228
4.042184
4.138521
4.184284
3.686246
3.142656
3.177890
3.864081
3.296498
4.025168
4.128463
4.920678
4.989949
4.998536
5.173552
5.867497
5.251988
5.356761
5.488225
5.647221
5.734661
5.024490
4.210475
5.203948
5.389466
5.365214
5.489026
5.558984
5.704674
5.837129
6.788136
6.960013
7.890546
7.166108
8.150407
8.343750
7.854592
7.630273
7.972938
8.801353
9.122236
9.923543
8.434283
8.195199
8.319252
8.704837
8.537860
8.752325
8.808010
9.047380
9.210906
9.320116
8.222835
9.830725
8.487457
10.293868
10.320328
10.380646
10.581960
7.628319
9.368824
10.995830
9.515005
11.215457
9.935967
8.484854
8.671332
12.220284
10.721182
12.598049
9.671776
13.068946
13.276870
13.440267
13.714396
13.713402
11.918498
12.097080
12.745085
12.801654
14.866938
15.319717
15.425255
15.607200
15.937267
16.194267
16.378088
16.626325
16.987947
14.618522
19.719684
19.838050
17.627612
17.969655
18.252814
18.478540
18.842128
16.376853
19.414340
22.672969
20.749589
20.507853
21.957504
17.933504
18.157919
21.419148
21.707021
21.751216
21.992175
19.028398
22.633820
22.597314
22.861186
23.597421
23.347310
17.416801
23.889143
24.105145
24.437005
24.710841
28.282610
25.267801
25.220322
25.842675
22.628941
19.170995
26.992384
27.286619
27.550300
27.973242
31.882477
32.507371
32.800998
31.354911
29.316564
30.662474
25.571155
30.046350
30.576799
30.787907
35.410098
35.910874
36.390969
36.671048
32.576052
37.523182
37.940908
47.979021
48.281032
44.210691
39.396835
34.684936
30.260213
35.340223
35.771695
35.979622
36.236368
36.608179
36.874228
37.218372
39.341191
37.730431
37.908174
38.572696
38.972406
38.720052
39.330502
39.934925
40.437014
34.629974
35.205214
35.457940
41.740146
42.420839
42.626117
49.033309
50.363653
51.671065
50.828807
44.867516
46.810029
45.699144
46.321897
46.624451
46.936885
56.279802
54.960616
55.139763
55.180261
48.723385
49.603745
51.676153
51.781521
54.348278
52.276224
52.888505
53.241552
45.777112
53.919784
54.487248
54.527372
55.190907
55.510845
56.275388
56.684657
56.684924
57.520237
58.020124
61.779787
55.764804
51.236503
60.456101
60.303381
60.952258
61.470148
44.498021
62.573837
71.923088
72.639167
64.037620
65.065773
65.504167
75.436272
67.259831
69.278993
67.917177
67.656206
68.074032
97.755230
99.423639
70.372732
60.905409
61.060740
74.065741
72.422474
72.715365
73.356390
74.339194
74.839872
75.635349
75.395011
77.602221
77.406784
78.630387
79.186921
90.169676
92.393183
82.143500
93.461977
94.437822
84.036322
96.978392
110.006126
113.573027
99.405744
101.012056
102.661899
102.803089
104.022066
104.328636
106.046353
106.346758
107.015316
108.227182
107.764755
95.479977
136.577639
123.334572
126.628421
125.759907
112.136592
98.662318
99.023020
85.795958
86.063098
100.730576
102.412805
103.071854
103.550707
104.368441
105.087580
106.842949
106.468809
92.648763
108.761803
96.102767
94.158872
95.815596
96.405716
96.926198
97.929279
98.521969
99.739740
100.945651
107.183265
107.109471
107.730974
109.148831
128.643488
130.902170
131.753275
154.209715
174.811404
172.798476
153.161473
153.842959
155.134759
157.956308
138.430530
139.537351
120.169362
121.241989
145.452315
144.750630
144.637305
146.053915
189.050030
146.985023
149.567711
150.655976
129.952762
153.742093
153.234376
155.854483
136.238343
157.816855
159.003296
138.604490
161.490041
185.854177
211.476633
214.071570
212.374367
165.840432
197.531237
192.675175
173.095824
170.341273
170.664125
171.367873
123.844383
201.234379
228.247210
179.444671
178.560919
179.344629
151.158714
173.694394
201.678055
227.078214
207.516722
176.321477
210.269469
190.794083
191.858084
186.065096
184.325772
184.346803
185.313232
213.050845
199.547517
232.810826
261.796354
204.340492
234.612366
206.594030
266.285485
267.048773
268.734808
211.455624
