0.011699
0.005363
0.002621
0.001373
0.001381
0.001390
0.001373
0.006306
0.002243
0.001707
0.001485
0.001538
0.001522
0.001543
0.001564
0.001541
0.001578
0.001543
0.001545
0.001574
0.001438
0.001390
0.001407
0.004113
0.003540
0.001575
0.001491
0.001503
0.001285
0.001518
0.001394
0.003278
0.001763
0.001631
0.001637
0.001813
0.001564
0.001486
0.001570
0.001602
0.001810
0.001726
0.001691
0.001727
0.001660
0.001573
0.001558
0.001592
0.001629
0.001687
0.001644
0.001549
0.001593
0.001612
0.001591
0.001699
0.001964
0.002300
0.001746
0.001741
0.001690
0.001728
0.001448
0.001600
0.001664
0.001594
0.004096
0.001640
0.001527
0.001482
0.005547
0.001607
0.001620
0.001516
0.001475
0.001620
0.001505
0.001503
0.001526
0.001523
0.001329
0.001341
0.001352
0.001322
0.001453
0.001486
0.001371
0.001424
0.001376
0.001558
0.001316
0.001278
0.001397
0.001429
0.001544
0.001486
0.001543
0.001698
0.001622
0.001534
0.001566
0.001806
0.003333
0.001424
0.001485
0.001607
0.001767
0.001777
0.001690
0.001721
0.001790
0.001738
0.001720
0.001912
0.001773
0.001747
0.001691
0.001685
0.001789
0.001776
0.001830
0.001911
0.001720
0.002083
0.001717
0.001914
0.001569
0.001526
0.001468
0.001660
0.001837
0.001698
0.001676
0.001736
0.001590
0.001604
0.001800
0.001700
0.001697
0.001938
0.001647
0.001949
0.001807
0.001752
0.001716
0.001663
0.001652
0.001567
0.001494
0.001621
0.002221
0.002417
0.001845
0.001732
0.002466
0.003081
0.001788
0.001746
0.002325
0.002144
0.002316
0.002309
0.003167
0.001624
0.002356
0.001721
0.001955
0.001506
0.002291
0.001867
0.002331
0.002114
0.001858
0.001872
0.002426
0.002526
0.002401
0.001994
0.002437
0.002666
0.002070
0.002071
0.002471
0.001700
0.001901
0.002196
0.001919
0.001866
0.001966
0.002575
0.001985
0.002021
0.002367
0.002443
0.003311
0.002245
0.002446
0.001790
0.001760
0.001786
0.002254
0.001829
0.002634
0.002636
0.001882
0.002031
0.001933
0.001845
0.002711
0.002467
0.002029
0.002092
0.002440
0.002054
0.002741
0.002674
0.002238
0.003410
0.002484
0.001884
0.002637
0.002303
0.002792
0.002644
0.002020
0.002639
0.002011
0.002306
0.004270
0.002148
0.002664
0.002529
0.002441
0.002240
0.001794
0.002097
0.003285
0.001833
0.002675
0.002441
0.002956
0.002583
0.002078
0.001910
0.001818
0.002560
0.001753
0.001766
0.001625
0.002299
0.002238
0.001512
0.002097
0.001937
0.002463
0.003286
0.001999
0.002421
0.001818
0.002449
0.002497
0.001832
0.002146
0.002421
0.001947
0.002507
0.002870
0.002252
0.001853
0.003458
0.002230
0.002649
0.002100
0.002044
0.002632
0.002602
0.002376
0.001958
0.002498
0.002613
0.003612
0.002162
0.001988
0.002707
0.001988
0.001870
0.002192
0.001732
0.002217
0.001785
0.002459
0.002374
0.002376
0.001895
0.002786
0.002453
0.002255
0.002383
0.001820
0.002082
0.001856
0.001899
0.001883
0.001773
0.001873
0.002394
0.001548
0.001944
0.001485
0.001695
0.001663
0.002189
0.002034
0.001962
0.002877
0.002144
0.002239
0.002655
0.002722
0.001850
0.002134
0.003169
0.002860
0.002680
0.002327
0.002749
0.002217
0.002210
0.002543
0.002460
0.003073
0.003211
0.002773
0.002739
0.002453
0.003053
0.002305
0.002286
0.002394
0.002541
0.002710
0.002777
0.002497
0.001701
0.001949
0.001953
0.001842
0.002608
0.002350
0.002574
0.005149
0.002803
0.002924
0.002867
0.002803
0.002486
0.002429
0.003051
0.002677
0.002559
0.003275
0.003473
0.002835
0.002797
0.002745
0.005845
0.003144
0.002778
0.003250
0.002751
0.004971
0.002906
0.003301
0.002743
0.002244
0.002791
0.002572
0.002563
0.003012
0.002931
0.004705
0.002748
0.003001
0.003096
0.002575
0.003070
0.003032
0.002782
0.003125
0.003568
0.002712
0.003178
0.003062
0.003023
0.003123
0.003418
0.002782
0.002672
0.003216
0.005477
0.003156
0.002870
0.003247
0.003216
0.002805
0.002864
0.003146
0.003393
0.003320
0.002913
0.003188
0.007731
0.004455
0.003530
0.003841
0.003146
0.003197
0.003174
0.003933
0.002997
0.003436
0.003102
0.003089
0.003036
0.002851
0.002500
0.002782
0.003122
0.002502
0.002962
0.002978
0.003004
0.002578
0.002594
0.002352
0.005335
0.002987
0.003120
0.003390
0.002601
0.002975
0.002835
0.002520
0.002957
0.002954
0.003334
0.003337
0.003337
0.002922
0.003301
0.003065
0.002724
0.002787
0.003200
0.003080
0.002451
0.003136
0.003103
0.002821
0.003107
0.002446
0.002700
0.002681
0.003266
0.002984
0.003399
0.003349
0.003215
0.002867
0.002706
0.003071
0.002922
0.002776
0.002972
0.002345
0.002997
0.002901
0.002681
0.002666
0.002849
0.002648
0.003063
0.002843
0.003690
0.003046
0.003389
0.003177
0.002914
0.002888
0.002682
0.003023
0.006034
0.002277
0.002563
0.005591
0.002743
0.002733
0.002847
0.002551
