0.000817
0.000503
0.000970
0.001957
0.001587
0.002945
0.002691
0.002470
0.004077
0.005011
0.006841
0.008879
0.010776
0.015102
0.018688
0.022372
0.024361
0.027658
0.033333
0.038687
0.044258
0.047674
0.047182
0.051568
0.048433
0.049042
0.052069
0.055762
0.063840
0.072065
0.080876
0.084377
0.078519
0.015409
0.013885
0.012824
0.012244
0.009827
0.008194
0.009612
0.010827
0.014501
0.014803
0.014462
0.011828
0.011786
0.010473
0.009396
0.009940
0.012175
0.014313
0.016249
0.018790
0.021666
0.022837
0.028756
0.033699
0.031258
0.027096
0.027969
0.029578
0.028088
0.039621
0.036854
0.037967
0.041569
0.044817
0.050693
0.049322
0.050642
0.053263
0.054201
0.056876
0.052966
0.046273
0.042854
0.040930
0.034326
0.036108
0.030009
0.026708
0.026284
0.030441
0.028962
0.028223
0.034025
0.033297
0.026325
0.022998
0.021403
0.022449
0.017667
0.015432
0.013749
0.010695
0.009865
0.010706
0.010672
0.010047
0.010123
0.009856
0.010068
0.011876
0.012638
0.012802
0.013605
0.015073
0.017414
0.021243
0.020474
0.019744
0.019078
0.019217
0.017932
0.016243
0.015756
0.014567
0.013664
0.014019
0.013530
0.014445
0.014309
0.015309
0.015220
0.014564
0.015073
0.018783
0.017863
0.017724
0.018268
0.018675
0.018577
0.020015
0.022334
0.020221
0.019901
0.016251
0.010424
0.012845
0.018388
0.019900
0.020223
0.021870
0.017295
0.022814
0.025631
0.023574
0.020516
0.021823
0.022174
0.023255
0.024802
0.026172
0.024130
0.033774
0.033471
0.031409
0.030174
0.029924
0.028635
0.024878
0.029543
0.025592
0.027800
0.029101
0.026360
0.024601
0.026328
0.022826
0.025367
0.020946
0.022217
0.017835
0.016847
0.016961
0.015772
0.016530
0.017187
0.017987
0.018779
0.020678
0.023294
0.027999
0.031452
0.033555
0.035631
0.038820
0.038015
0.052448
0.054548
0.057266
0.058165
0.058751
0.049709
0.045591
0.043344
0.045509
0.050517
0.050025
0.054357
0.044979
0.052827
0.050103
0.045942
0.040461
0.040292
0.043703
0.042286
0.042292
0.044495
0.039197
0.035490
0.035395
0.033542
0.035046
0.030966
0.027483
0.028404
0.028665
0.030874
0.034072
0.031762
0.035431
0.042254
0.047193
0.051365
0.052748
0.055323
0.055287
0.066557
0.068346
0.074360
0.070064
0.069795
0.058607
0.057080
0.058477
0.055905
0.059106
0.055430
0.052629
0.048536
0.048642
0.048265
0.047598
0.045729
0.044815
0.045666
0.045676
0.045844
0.048932
0.049687
0.049647
0.052664
0.051849
0.053891
0.043467
0.040381
0.040732
0.051096
0.055596
0.056647
0.058259
0.064086
0.070410
0.059681
0.070567
0.079451
0.095015
0.102521
0.088157
0.110718
0.096697
0.099375
0.095100
0.089153
0.083567
0.076989
0.080367
0.074396
0.070451
0.065246
0.062376
0.064919
0.068194
0.066915
0.072471
0.073015
0.073363
0.085114
0.087609
0.085991
0.088832
0.097152
0.090366
0.086153
0.079759
0.079688
0.073965
0.066839
0.058105
0.057556
0.061996
0.049390
0.043544
0.044802
0.049540
0.055660
0.057018
0.058417
0.061832
0.064010
0.070261
0.072306
0.066183
0.067144
0.070726
0.067353
0.071662
0.069993
0.064186
0.063283
0.057578
0.063840
0.062455
0.058503
0.055552
0.054999
0.056157
0.053107
0.049127
0.048791
0.050016
0.044938
0.042821
0.042128
0.041637
0.042310
0.045572
0.043455
0.046227
0.051740
0.052830
0.058946
0.061000
0.063646
0.066001
0.068765
0.070750
0.074635
0.072225
0.071849
0.071905
0.073189
0.070597
0.067423
0.051933
0.053677
0.053085
0.049648
0.041801
0.041468
0.040901
0.036575
0.034226
0.035863
0.036939
0.039283
0.040502
0.050936
0.044880
0.030774
0.023972
0.020528
0.012943
0.018468
0.018786
0.007551
0.008520
0.007628
0.011936
0.013375
0.026811
0.027649
0.034275
0.036482
0.028010
0.036095
0.038292
0.041069
0.040807
0.036695
0.043980
0.040999
0.038441
0.032939
0.026834
0.027980
0.023825
0.020948
0.022316
0.029172
0.027385
0.026916
0.036247
0.027764
0.024488
0.021038
0.024568
0.023321
0.019036
0.017026
0.016923
0.018729
0.014760
0.011597
0.012184
0.010126
0.010085
0.011695
0.012204
0.013375
0.012037
0.012839
0.013769
0.021718
0.023759
0.023600
0.025825
0.027664
0.025135
0.026923
0.035887
0.041135
0.054563
0.056880
0.057011
0.060703
0.061768
0.063188
0.064120
0.065534
0.069743
0.070526
0.075250
0.075778
0.075472
0.075883
0.074044
0.077676
0.077435
0.090896
0.086308
0.085668
0.087074
0.086780
0.084011
0.081765
0.087166
0.091108
0.104082
0.098071
0.100761
0.104653
0.108177
0.118075
0.132575
0.117236
0.107104
0.108735
0.114789
0.104283
0.094796
0.092952
0.092442
0.092796
0.093257
0.102083
0.098328
0.095560
0.096322
0.096387
0.093646
0.084649
0.085039
0.075240
0.078143
0.081271
0.078662
0.076220
0.076130
0.073440
0.070926
0.068265
0.067075
0.068237
0.066688
0.066182
0.071065
