0.008003
0.037312
0.073195
0.131593
0.225041
0.289982
0.355156
0.438619
0.554832
0.748154
0.994406
1.262396
1.568569
1.919485
2.282308
2.689644
3.131945
3.615414
4.112760
4.674369
5.207275
5.845407
6.511955
7.083690
7.676969
8.454218
9.094231
9.892333
10.701921
11.640246
12.473936
13.432207
14.425931
15.480092
16.906810
17.945107
19.204878
20.305444
21.390568
22.778344
23.925347
24.365324
24.504110
23.372514
22.218493
21.107127
19.935282
18.819700
17.796372
17.592722
17.920396
18.974714
20.091341
20.391687
20.211621
19.063648
17.958309
16.984468
16.145279
15.102313
14.070074
12.959201
12.129016
11.235912
10.304180
9.492163
8.736351
8.527947
8.689493
9.419130
10.136165
10.947532
11.816049
12.703672
13.650470
14.570152
15.554060
16.600490
17.639042
18.760814
19.825140
20.944311
22.001528
23.250559
24.475687
25.710470
27.024239
28.098087
28.293119
27.606158
27.087814
25.825897
25.330111
25.041188
25.651196
25.891940
26.591609
27.062016
27.720695
28.879623
29.472310
30.344020
30.906752
31.650183
32.566904
33.517463
34.697750
34.397480
33.527636
32.062992
30.959862
29.527802
28.317178
26.941679
25.587112
24.195930
22.757503
21.590158
20.424129
19.312134
18.199540
16.648816
16.417759
16.356131
17.086389
17.976605
18.947050
19.881320
20.938662
22.001284
23.093931
24.176832
25.320398
26.355962
27.788830
28.849169
29.276376
28.814492
27.605307
26.301385
25.000153
23.756564
22.509683
21.427257
20.243474
20.004889
20.225865
21.237059
22.305066
23.450274
24.595910
25.796756
26.950285
28.160522
29.527213
30.709334
32.110035
33.480684
34.832040
36.266760
37.743126
37.572105
37.344340
36.001550
34.516977
33.303694
32.086790
30.831399
29.755317
28.539578
27.343471
26.815331
26.212190
26.648819
27.873903
29.181760
30.456846
31.737469
33.163692
34.452284
35.800485
36.525045
37.137618
36.500238
35.131621
33.768822
32.499749
31.182488
29.954462
28.736617
27.553456
26.948068
26.371774
26.726742
27.916211
29.234261
30.610706
31.996675
33.387298
34.843523
36.362957
37.790287
39.322017
40.826017
41.500939
41.684039
40.689266
39.192944
37.745690
36.251679
34.759959
33.386302
31.947114
31.288198
31.089174
31.766875
33.215686
34.581361
36.034328
37.480918
38.934032
40.469648
41.939803
43.740836
45.374862
46.045814
46.179639
45.425484
43.716489
42.101376
40.613676
38.990185
38.667092
38.903954
40.247920
41.780945
43.224338
44.749501
46.254822
47.770895
49.374506
51.049388
52.817259
52.922920
52.257714
50.673147
49.013453
47.440024
45.836234
44.250375
42.642599
41.193211
39.797283
38.371772
36.939847
35.534832
34.194822
32.884586
31.207371
30.645965
30.363026
30.867121
32.038604
33.470972
34.888221
36.393176
37.908697
39.449480
41.070394
42.624008
44.188973
45.745548
47.427513
49.134483
50.912481
52.815042
54.698454
55.587617
55.544540
54.258728
52.591106
50.815044
49.038448
47.265631
45.485904
43.813919
42.189471
40.626621
39.094790
37.604582
35.884475
35.171571
34.988554
36.018917
37.608724
39.111886
40.649458
42.288219
43.843628
45.397369
47.055324
48.747777
50.423964
52.148336
53.996358
55.502329
56.906149
56.773153
55.480177
54.283743
53.504423
52.528842
51.580839
50.535579
49.526328
48.611507
47.734913
47.044809
46.792854
45.056865
44.275832
43.485716
42.764119
42.097760
41.515823
40.878096
40.282913
39.689343
39.134042
38.667614
38.309948
37.948392
37.626193
36.447952
35.500093
35.131905
34.928510
34.839710
34.843153
34.731756
34.591468
34.910263
36.323699
37.230562
37.641574
37.926538
38.494853
38.951592
39.474407
40.002094
40.654876
41.161988
41.911200
42.584674
43.260298
43.970045
44.741951
45.495373
46.352046
47.196434
48.063989
49.102204
50.518146
51.397122
52.599479
53.599443
54.664305
55.828372
56.999055
58.222645
59.387004
60.697794
62.038245
63.418343
64.619213
64.737247
65.411795
65.478442
64.803791
62.836783
60.948585
59.124103
57.296790
55.566373
53.633037
51.848616
50.493513
48.785323
47.018451
46.422397
46.303194
47.376873
49.067834
50.829000
52.599269
54.402921
56.209986
58.090298
59.951796
60.647398
60.691852
59.486295
57.611548
55.853367
53.979671
52.186122
50.247333
48.524181
47.862607
47.652023
48.837678
50.545210
52.283483
54.052422
55.839315
57.474219
59.344920
59.934691
59.979212
58.799183
56.893144
55.160855
53.386200
51.636458
50.073731
48.439564
46.676083
46.114434
46.142575
47.478736
49.101430
50.631293
52.238115
53.781228
55.373741
57.181064
58.785357
60.489160
61.388256
62.216936
63.146470
63.479371
62.897512
61.220395
59.396356
57.617807
55.683270
55.006887
54.855886
56.178172
58.013358
59.933580
60.790723
60.887278
59.981838
58.228325
56.441864
54.622577
52.828810
51.039240
49.322757
47.723191
46.072871
44.444639
43.816467
43.712961
44.782909
46.387136
48.055561
49.814530
51.584911
53.330406
55.191244
57.044060
58.965141
60.873184
61.611260
61.772553
60.431573
58.523562
56.654174
54.815004
53.023930
51.227915
49.523782
48.754794
48.668041
49.838404
51.679311
53.493789
55.331134
57.129831
58.991194
60.930544
61.618411
61.622374
60.269673
58.342906
56.491225
