0.067143
0.066370
0.045967
0.037981
0.038329
0.041287
0.039225
0.064555
0.044260
0.045985
0.037222
0.037033
0.041099
0.047357
0.044553
0.037598
0.037046
0.060290
0.037102
0.039888
0.037201
0.049597
0.047748
0.059613
0.042957
0.038071
0.038306
0.039629
0.059244
0.038749
0.037490
0.055771
0.060133
0.056439
0.043819
0.040130
0.036634
0.049808
0.083175
0.068826
0.047378
0.037862
0.050804
0.048110
0.053358
0.049113
0.037078
0.051149
0.047586
0.037403
0.036775
0.051078
0.048502
0.049590
0.059875
0.049387
0.036701
0.037462
0.037062
0.036842
0.040478
0.036735
0.036983
0.037931
0.046604
0.042932
0.037902
0.049177
0.047560
0.049831
0.058948
0.060336
0.060140
0.047545
0.036755
0.049225
0.074114
0.054111
0.037117
0.049465
0.059493
0.047270
0.037484
0.049403
0.050043
0.036973
0.036840
0.036716
0.049367
0.077066
0.048256
0.036903
0.036943
0.046968
0.042258
0.037374
0.037599
0.036948
0.052608
0.058658
0.046756
0.051860
0.048669
0.049282
0.047245
0.054137
0.059243
0.049613
0.036842
0.036823
0.046019
0.041091
0.036707
0.049290
0.048087
0.037159
0.048664
