0.007865
0.026219
0.064077
0.100648
0.144468
0.221084
0.266312
0.321880
0.398282
0.463274
0.519799
0.610996
0.690489
0.774281
0.821099
0.909693
1.010222
1.101830
1.155330
1.126704
1.107056
1.194109
1.298769
1.419454
1.511820
1.642240
1.778872
1.928210
2.057867
2.151456
2.320525
2.447014
2.621591
2.805062
2.986585
3.157963
3.305136
3.411553
3.525777
3.634060
3.764392
3.908098
4.055768
4.194252
4.359693
4.528336
4.715597
4.916649
5.118494
5.344732
5.601325
5.855613
6.104177
6.358971
6.609426
6.883560
7.157084
7.428525
7.706821
7.815394
7.774012
7.655474
7.632898
7.672651
7.615813
7.532151
7.483846
7.454599
7.613007
7.678115
7.731769
7.905520
7.906906
7.969909
7.888204
7.784377
7.718642
7.891135
8.034923
8.260673
8.426634
8.549366
8.705557
8.792762
8.949441
9.106617
9.361143
9.405901
9.253536
9.126576
9.262943
9.582314
9.931047
10.220236
10.549428
10.892102
11.196252
11.314129
11.639799
12.010178
12.256898
12.647645
13.034746
13.398795
13.768223
14.168236
14.337453
14.392851
14.158467
13.750841
13.412294
12.998764
12.641670
12.268719
12.011310
11.780450
11.538742
11.308260
11.074277
10.855284
10.535201
10.424060
10.343019
10.040634
9.758756
9.463248
9.276767
8.934658
8.655409
8.517482
8.472019
8.205030
7.911165
7.684392
7.545477
7.230081
7.026639
6.948597
6.805423
6.665939
6.565839
6.415620
6.219368
6.027058
5.834042
5.622843
5.578774
5.389106
5.144801
4.942249
4.787189
4.642243
4.669385
4.693065
4.748943
4.798560
4.792613
4.853476
4.918412
4.978897
5.058505
5.110477
5.137571
5.196173
5.274107
5.268816
5.364424
5.476164
5.591292
5.707181
5.816716
5.948999
6.203769
6.460633
6.547934
6.636150
6.785777
6.911583
7.003201
7.141272
7.246226
7.389461
7.554146
7.712629
7.881163
8.067332
8.070631
8.260944
8.472805
8.681735
8.906353
9.121916
9.325844
9.542103
9.745502
9.989261
10.236012
10.484499
10.712039
11.011858
11.290608
11.580954
11.856781
12.172887
12.474015
12.766598
13.015514
13.266981
13.604408
13.782728
14.161254
14.333032
14.199013
13.833011
13.435772
13.189071
13.080734
12.715255
12.325730
11.964659
11.561909
11.187436
10.845771
10.504617
10.330552
9.980337
9.624346
9.277197
8.945022
8.624336
8.314521
8.008930
7.800587
7.555109
7.251473
6.981507
6.730202
6.438413
6.180934
5.973662
5.774386
5.515243
5.263250
5.025077
4.771721
4.541386
4.302058
4.079104
3.863477
3.662132
3.427163
3.231457
3.063168
2.875739
2.682962
2.512168
2.336979
2.177465
2.033543
1.876200
1.767081
1.631669
1.497097
1.380012
1.259359
1.143224
1.045334
0.942827
0.853157
0.770603
0.679633
0.616836
0.548598
0.503966
0.454929
0.378519
0.307990
0.296652
0.329433
0.390616
0.460827
0.484432
0.516513
0.544476
0.580853
0.642644
0.713689
0.810079
0.876255
0.961509
1.051019
1.153907
1.265221
1.383182
1.509124
1.640480
1.777244
1.917510
2.061813
2.221301
2.384771
2.567897
2.748185
2.937750
3.121713
3.305366
3.499883
3.695076
3.830810
3.921973
4.103911
4.324840
4.545793
4.770813
5.030058
5.270247
5.520716
5.801051
6.057505
6.330514
6.594678
6.841962
7.111490
7.415879
7.726587
8.019973
8.362305
8.674800
9.010604
9.351293
9.695634
10.035492
10.392751
10.728234
11.096960
11.396750
11.766250
12.133863
12.554312
12.890241
13.282764
13.680089
13.957004
14.319367
14.738239
14.930031
14.801698
14.423388
14.028625
13.830303
13.822626
13.547235
13.135555
12.748297
12.346368
11.947601
11.580259
11.201993
10.880358
10.672802
10.436413
10.094172
9.735579
9.532038
9.188260
8.860304
8.531423
8.209044
7.937512
7.620876
7.357939
7.218548
6.939942
6.631577
6.375267
6.089242
5.850895
5.571181
5.315489
5.071209
4.829098
4.585726
4.341963
4.191538
3.959380
3.797008
3.590092
3.400560
3.196887
2.994036
2.809339
2.630817
2.446191
2.264079
2.105867
1.938235
1.790130
1.649425
1.517272
1.397030
1.284754
1.176437
1.073310
0.972037
0.876281
0.817663
0.747784
0.670341
0.604988
0.536628
0.484454
0.425043
0.368935
0.371324
0.439241
0.512953
0.578921
0.609329
0.654211
0.720974
0.794485
0.898038
1.008573
1.113660
1.183987
1.263583
1.378699
1.478524
1.610978
1.747555
1.882603
2.003996
2.110227
2.082660
2.183773
2.351960
2.522773
2.702776
2.899529
3.077937
3.272250
3.403786
3.602142
3.721341
3.915751
4.123463
4.344081
4.575399
4.802955
5.053140
5.324241
5.551845
5.839150
6.075451
6.362050
6.619837
6.871152
7.144784
7.401091
7.699704
8.002589
8.302980
8.618993
8.948332
9.275339
9.606552
9.965334
10.321420
10.661636
11.025358
11.408047
11.773693
12.153556
12.503715
12.886067
13.295363
13.715825
14.069886
14.277217
14.183318
14.011995
13.594144
13.364899
13.460775
13.269418
12.889347
12.477270
12.086573
11.864099
11.957953
12.309124
12.682442
12.945858
13.268961
13.589320
13.621623
13.383498
12.991690
12.577153
