0.012465
0.005285
0.002994
0.001649
0.001837
0.002302
0.003475
0.003901
0.002493
0.002225
0.001502
0.001271
0.001266
0.001460
0.001229
0.001413
0.001190
0.001202
0.001387
0.001679
0.006837
0.005230
0.001429
0.001371
0.001350
0.001340
0.001356
0.001230
0.001397
0.001312
0.005847
0.003086
0.001570
0.001721
0.001590
0.001520
0.003198
0.001809
0.001864
0.001801
0.001786
0.001794
0.001910
0.002558
0.002272
0.001996
0.001930
0.002053
0.002084
0.001920
0.002037
0.001898
0.001884
0.001883
0.001864
0.001994
0.001778
0.001715
0.001756
0.001845
0.003023
0.001820
0.001629
0.001706
0.001538
0.001543
0.001896
0.002555
0.002273
0.002579
0.002414
0.003678
0.002563
0.002525
0.002495
0.002719
0.002693
0.001960
0.003593
0.002807
0.002781
0.002870
0.003099
0.003090
0.002944
0.002806
0.004345
0.002248
0.002842
0.002625
0.002726
0.002744
0.002503
0.002759
0.002493
0.002361
0.002556
0.003018
0.002975
0.002619
0.002981
0.002636
0.002856
0.002551
0.003109
0.002893
0.002674
0.003095
0.002751
0.002593
0.002988
0.002802
0.002877
0.002817
0.002897
0.002499
0.002583
0.002594
0.002684
0.030694
