0.000000
0.017520
0.099017
0.268871
0.530607
0.852131
1.225421
1.787420
2.449646
3.203492
5.091557
8.504960
13.512829
19.073851
24.528034
28.350973
28.467328
25.272929
19.287848
12.888232
8.963367
10.594540
19.703256
36.329147
60.581941
91.824551
130.889175
177.663472
229.819141
267.355609
279.085386
263.712163
232.727273
200.989352
172.846980
147.627056
125.710466
107.233319
92.310312
79.251658
68.177027
60.397169
55.107749
52.902558
54.060782
57.449706
63.632282
72.638978
84.537193
99.674658
118.127310
139.495759
162.016383
192.008937
224.474026
259.200053
296.936722
336.974617
379.658865
423.898667
471.626781
518.813523
588.746512
634.703077
708.892554
753.952244
875.507619
878.009691
857.150788
769.731597
682.558171
660.954293
683.942635
700.413668
716.561535
733.287025
751.312974
769.467542
792.571519
815.079573
825.415873
842.837989
846.359655
856.014530
864.942982
873.604208
870.836479
876.893085
886.267602
897.728500
891.127487
906.909870
923.938880
921.733242
909.712058
863.823811
827.993783
806.890027
781.037681
754.129972
725.070699
699.224952
675.211360
648.812413
624.053533
596.124050
571.946758
547.342427
522.318494
496.945764
472.487577
447.981819
424.236529
401.291152
379.111875
357.118445
336.061070
314.552512
294.075749
275.481981
257.481094
239.974340
223.849462
208.128428
192.969740
177.348695
162.800453
149.193656
135.896656
123.297256
111.920179
101.558249
91.275013
81.086149
71.862537
63.513234
55.693083
48.610572
42.216473
36.449525
31.042650
26.485645
23.516917
22.285220
22.373894
23.307702
25.452636
29.275601
36.839770
49.381473
68.743977
95.410145
130.228489
172.820971
222.632881
279.051509
343.652740
414.072161
490.257164
550.668479
579.492674
569.550300
521.155705
471.283835
423.091564
376.647794
332.891450
291.299566
252.919322
216.949926
185.205778
157.417607
132.376026
110.019076
90.120499
73.067954
59.841868
50.054733
43.848970
41.073463
41.888224
46.810794
57.273215
68.194569
82.864303
101.196036
122.702191
147.168601
173.233207
202.390522
233.876652
262.654903
294.038601
419.151962
424.623808
268.943654
309.287678
248.297095
257.587712
283.186496
310.357941
342.853444
368.006242
390.021657
412.453656
432.401490
452.956335
473.878847
494.727106
514.488660
517.336329
528.402297
517.042948
515.655237
517.219827
518.480305
513.974033
519.624372
529.569666
538.835177
570.998858
585.783473
567.380804
586.376819
589.018909
565.703462
549.827277
548.457997
541.817801
534.768140
526.070069
516.682608
508.807976
496.032845
483.913075
468.919853
456.453586
443.199658
431.226826
418.002833
406.333581
393.288533
378.614139
365.505336
352.057195
337.476565
323.859150
309.120959
294.156051
278.289925
262.687475
247.647985
232.960748
218.008048
203.679278
188.673826
174.975154
161.895225
149.292099
137.220700
125.928362
114.929887
104.679826
94.817186
85.555778
77.632707
70.232967
63.056334
56.019682
49.238061
42.452867
36.539681
32.695991
31.296295
32.574323
36.550276
43.727419
54.313910
69.693604
91.249515
120.502151
157.225216
201.548725
252.240836
309.928858
374.715052
446.760908
526.863740
612.237789
679.822338
712.801637
701.553157
647.005296
591.673489
536.485486
483.856214
431.440509
382.222722
336.646374
294.216879
