-0.000365	0.005298	-0.006193
0.798973	1.411285	1.444639
1.585966	1.384396	3.449012
1.585011	1.355937	5.447185
1.584752	1.327478	7.446799
1.585552	1.298028	9.448673
1.321565	1.791235	11.387038
1.592859	1.752664	13.385809
1.593185	1.708424	15.386740
1.590985	1.665009	17.388559
1.591934	1.624684	19.387869
1.590392	1.583454	21.388286
1.591517	1.544551	23.388681
1.590866	1.507319	25.385336
1.590259	1.467572	27.384703
1.591925	1.423611	29.382738
1.590025	1.382308	31.385513
1.591318	1.342468	33.385637
1.591681	1.302734	35.384965
1.588544	1.264958	37.386739
1.591653	1.225029	39.384254
1.590501	1.188233	41.385163
1.589527	1.150052	43.385781
1.591432	1.106654	45.387343
1.591763	1.068786	47.385449
1.590430	1.032023	49.384045
1.591056	0.993208	51.383885
1.589737	0.954228	53.384369
1.592416	0.911039	55.383715
1.590459	0.871634	57.386066
1.591689	0.835399	59.381710
1.588867	0.798728	61.382266
1.591112	0.755436	63.383997
1.591796	0.713361	65.383023
1.590236	0.672778	67.380931
1.591470	0.632162	69.382594
1.591468	0.592918	71.381771
1.591414	0.549991	73.378497
1.591279	0.510023	75.380725
1.591370	0.468053	77.380790
1.592840	0.426547	79.379351
1.591214	0.386529	81.377781
0.805139	1.771803	82.821146
0.021693	3.771515	82.861330
-0.764715	5.213673	81.477508
-1.097061	6.127573	79.697909
-1.095923	7.042390	77.919892
-1.095489	7.956479	76.142182
-1.096268	8.870244	74.361513
-1.097118	9.783240	72.580965
-1.095640	10.698346	70.804922
-1.096851	11.611574	69.024771
-0.312193	13.514536	68.411669
0.339191	15.402274	69.079301
0.351239	17.279018	69.765713
0.350417	19.158269	70.451119
0.349720	21.037518	71.135978
0.349482	22.916504	71.819670
0.349421	24.795991	72.504318
-0.436040	26.607981	71.657144
-1.222015	27.292906	69.779343
-1.864358	26.715425	67.865303
-1.863025	26.137410	65.950628
-1.865242	25.558048	64.035337
-1.079504	26.500949	62.273310
-0.295367	28.414113	61.691848
0.490489	30.177142	62.636758
0.490710	31.941602	63.578736
0.492067	33.705288	64.523067
0.489700	35.471211	65.462835
0.489230	37.235979	66.403710
0.492336	39.000799	67.346307
0.488927	40.765356	68.283338
0.490490	42.532168	69.224827
-0.294560	43.488324	68.933317
-1.082349	44.429234	67.167889
-1.865535	43.844664	65.255930
-2.412884	42.353910	63.924284
-2.413228	40.858275	62.591445
-2.412112	39.368890	61.256546
-2.413354	37.878337	59.924741
-2.411261	36.388330	58.591508
-2.410513	34.900445	57.257089
-2.413507	33.410321	55.924574
-2.414264	31.915072	54.593642
-2.413283	30.421151	53.262077
-2.412764	28.931743	51.928933
-1.627108	28.873310	50.932547
-0.841257	30.204868	49.441197
-0.616930	31.836383	48.285952
-0.616493	33.467765	47.128511
-0.616511	35.099720	45.973550
-0.616783	36.732383	44.819477
-0.616646	38.364321	43.660695
-0.616672	39.993817	42.502372
-0.615759	41.626847	41.347589
-0.615352	43.258594	40.192788
-0.616811	44.889602	39.034916
-1.403565	45.225934	37.064150
-2.188504	44.067721	35.434550
-2.898194	42.125039	34.955927
-2.114166	41.608999	34.098934
-1.328524	42.086180	32.154995
-0.543518	43.798166	31.122328
-0.505758	45.549060	30.155444
-0.505633	47.299496	29.186836
-0.505695	49.047722	28.220686
-0.505453	50.798485	27.249797
-0.505569	52.546811	26.277994
-0.505866	54.296439	25.309080
-0.506431	56.046013	24.338397
-0.506994	57.793671	23.366743
-0.505678	59.543309	22.397270
-1.291379	59.820547	21.435904
-2.076112	58.851977	19.687406
-2.861669	56.929433	19.134654
-2.076301	56.445108	18.260053
-1.289922	56.996160	16.337793
-0.506127	58.745120	15.368596
-0.356497	60.619534	14.671476
-0.356557	62.495479	13.972052
-0.357762	64.368586	13.271260
-0.357822	66.240830	12.570057
-0.357260	68.113574	11.871743
-0.357318	69.987503	11.171021
-0.356917	71.861950	10.473702
-1.142905	72.277274	9.563130
-1.928204	71.927846	8.627587
-2.713177	70.107424	7.795612
-3.499716	68.234056	8.494076
-3.643597	66.482024	9.457157
-3.644382	64.726823	10.420083
-3.645499	62.977084	11.386039
-3.642238	61.220312	12.346989
-3.645265	59.468345	13.312197
-4.430841	59.193267	14.272758
-5.216870	60.159000	16.025149
-6.001449	62.080935	16.581131
-6.695602	63.911193	15.778364
-6.696255	65.743767	14.971707
-6.697705	67.575423	14.169407
-6.694675	69.407855	13.369293
-6.696978	71.239949	12.567289
-6.695006	73.072397	11.766559
-6.696497	74.904080	10.964060
-6.696248	76.735014	10.162022
-6.695184	78.568154	9.360564
-6.696192	80.400341	8.557492
-6.695717	82.232814	7.754733
-7.480346	82.597602	6.823593
-8.267033	82.001738	5.460540
-9.051806	80.140273	4.730497
-9.837325	78.306381	5.531959
-9.860074	76.491492	6.378028
-9.859484	74.676406	7.222503
-9.861508	72.866895	8.067528
-9.861696	71.053100	8.913904
-9.858933	69.239309	9.757121
-10.644862	68.552143	11.634951
-11.338912	69.225451	13.519157
-11.337435	69.895345	15.403184
-11.337413	70.564661	17.287335
-11.336599	71.235326	19.171371
-11.339108	71.907525	21.053886
-11.338048	72.579936	22.937443
-11.336828	73.248358	24.823266
-11.337628	73.920368	26.706575
-11.337858	74.589359	28.591867
-11.338020	75.260379	30.474218
-10.551658	74.526873	32.020087
-9.765871	72.643884	32.690575
-8.982392	70.837437	31.832032
-8.944199	69.063306	30.907856
-8.946526	67.288163	29.983790
-8.944047	65.516336	29.060537
-8.945209	63.740662	28.138977
-8.946844	61.965078	27.217153
-8.944606	60.190697	26.293165
-8.944844	58.414230	25.373961
-8.947017	56.640235	24.452630
-9.731853	55.685932	24.754128
-10.518041	54.766750	26.530931
-11.302613	55.372362	28.438204
-11.553578	56.429942	30.133208
-11.552901	57.489954	31.830571
-11.555094	58.550385	33.526285
-11.553606	59.607503	35.223236
-11.553170	60.663722	36.921689
-11.552534	61.723227	38.617869
-11.553363	62.783369	40.313887
-11.552599	63.838733	42.012503
-11.555113	64.899125	43.708724
-11.551641	65.957589	45.407643
-11.552450	67.014122	47.105339
-11.520581	68.015296	48.835255
-10.734660	67.758636	49.802299
-9.949613	66.027402	50.804235
-9.164096	64.095710	50.288086
-8.378762	63.092883	48.558193
-8.345887	62.150303	46.794003
-8.346117	61.204587	45.031558
-8.345710	60.259267	43.268634
-7.560837	60.550879	42.311767
-6.774302	62.312105	41.365114
-5.988811	64.227569	41.946536
-5.264750	65.277159	43.649199
-5.265209	66.326180	45.351638
-5.265013	67.376073	47.053159
-5.782476	69.129894	48.014042
-5.248716	70.149784	49.732609
-5.247187	71.169192	51.454939
-5.249424	72.192706	53.175152
-5.247675	73.210184	54.893220
-5.247792	74.229424	56.614277
-5.247529	75.251533	58.334926
-5.248619	76.270727	60.055267
-5.247751	77.292800	61.776300
-4.462533	77.046054	62.744101
-3.677074	75.327340	63.765169
-2.891971	73.390176	63.271144
-2.177448	72.249929	61.627815
-2.175737	71.111392	59.982761
-2.178569	69.972083	58.337870
-2.175012	68.835449	56.695309
-2.177791	67.696890	55.050744
-2.177593	66.557743	53.406784
-2.175364	65.421195	51.759062
-2.176067	64.282472	50.118880
-2.177455	63.140619	48.474176
-2.177055	61.998914	46.832697
-2.178185	60.856277	45.189791
-2.177559	59.716853	43.547213
-2.175113	58.581154	41.901746
-2.178514	57.438274	40.258544
-2.175779	56.301794	38.613561
-2.176536	55.161615	36.969795
-1.812749	54.922551	35.998218
-2.598676	54.066568	35.481648
-3.384320	53.095763	35.721718
-4.170175	52.065411	37.434239
-4.955060	52.543060	39.376243
-5.377250	53.775907	40.951491
-5.375569	55.008439	42.527777
-5.376012	56.240051	44.102707
-5.376980	57.475661	45.676395
-5.376904	58.707042	47.250497
-5.375435	59.941730	48.825548
-5.376467	61.174296	50.398220
-5.376035	62.410316	51.971480
-5.378179	63.644210	53.544811
-5.376795	64.879524	55.119540
-5.375867	66.109333	56.696971
-5.375959	67.342574	58.271945
-5.376339	68.572792	59.845572
-5.376948	69.807252	61.420815
-5.376196	71.039531	62.995767
-5.375500	72.271012	64.571343
-5.377170	73.504497	66.146171
-5.375447	74.736016	67.722638
-5.376269	75.969837	69.296615
-5.377864	77.202671	70.870605
-5.375116	78.430601	72.449513
-5.376544	79.660997	74.023806
-4.590825	79.541550	75.016897
-3.806410	77.966801	76.249677
-3.020336	75.981724	76.004954
-2.321725	74.616686	74.542629
-2.322712	73.251768	73.082192
-2.321981	71.886543	71.621361
-2.322486	70.521000	70.159341
-2.322322	69.154833	68.699260
-2.322617	67.788590	67.236692
-2.322151	66.424444	65.774941
-2.323210	65.056093	64.317653
-2.323240	63.692146	62.855861
-1.537737	63.724795	61.856433
-0.751152	64.452217	61.173877
0.033595	66.454139	61.241947
0.819736	67.822208	62.701520
0.857450	69.128080	64.216550
0.861406	70.431000	65.732330
0.856981	71.739099	67.243447
0.815643	73.111920	68.700561
0.860931	74.414548	70.218327
0.861649	75.715301	71.735962
0.861015	77.018382	73.251963
0.860576	78.320186	74.768819
0.861239	79.624632	76.287953
0.860523	80.928164	77.803412
0.862009	82.231423	79.321199
1.647000	82.156006	80.318360
2.431924	80.638025	81.622717
3.217335	78.644597	81.469450
3.400562	76.710854	80.958453
4.068954	75.509626	79.359311
4.071333	74.312865	77.756401
4.069198	73.113848	76.155143
4.069732	71.914146	74.555038
4.070542	70.716496	72.954314
4.068742	69.518590	71.351891
4.070022	68.322632	69.749944
4.069762	67.124092	68.147807
4.071526	65.929136	66.545243
4.069210	64.728672	64.944151
4.069659	63.529737	63.345407
4.068659	62.332854	61.743460
4.068537	61.128621	60.144804
4.094226	60.549276	59.329388
3.309031	59.565237	59.161661
2.524793	57.933717	60.320876
1.738857	57.598355	62.289346
1.573057	57.593055	64.291316
2.359786	56.173487	65.702506
3.144114	54.174282	65.697281
3.515835	52.312974	64.964376
3.515837	50.450855	64.236508
3.514921	48.586765	63.505572
3.515012	46.725566	62.777714
3.514783	44.865442	62.046968
3.515667	43.004964	61.315799
3.517832	41.142662	60.583898
2.730840	40.224119	60.983106
1.945064	39.491420	62.843542
1.159823	39.995078	63.999393
0.541044	41.711445	65.030664
0.539826	43.426755	66.056944
0.540530	45.141690	67.086222
0.540797	46.857093	68.115479
0.539719	48.573111	69.144102
0.540518	50.286558	70.174445
0.541877	51.999724	71.205990
0.540410	53.716057	72.234188
0.540066	55.433047	73.261092
0.540002	57.147412	74.289869
0.539797	58.861622	75.317835
0.541337	60.576256	76.350129
0.539945	62.291093	77.379327
0.540735	64.004817	78.408290
0.539822	65.720989	79.437079
0.541493	67.434973	80.464423
0.539154	69.151061	81.492491
0.540872	70.866156	82.521778
0.540324	72.580524	83.552296
0.539812	74.296747	84.581793
0.540572	76.010361	85.612557
0.540809	77.725593	86.639966
0.540297	79.441187	87.668467
0.539375	81.156052	88.697726
0.541109	82.869799	89.727554
-0.008068	84.870320	89.713332
-0.008994	86.869914	89.696622
-0.007203	88.869831	89.679876
-0.007977	90.869720	89.664745
-0.008636	92.869524	89.646846
-0.008269	94.871036	89.629176
-0.007515	96.870811	89.612554
-0.006092	97.869614	89.606973
0.777948	98.581578	90.310750
1.564718	98.589387	91.308666
2.348199	97.184163	92.731895
3.136341	95.184539	92.746137
3.800256	93.600470	91.522978
4.583632	93.422079	90.137383
5.368819	94.645962	88.550844
6.155297	96.630557	88.296250
6.940011	97.848026	89.238961
7.726343	97.976073	90.233385
8.512259	97.364685	91.024370
9.297994	95.379200	91.278204
10.083068	93.796705	90.059181
10.867406	93.670278	89.065620
11.653558	94.859794	87.522432
12.439015	96.843532	87.268485
11.653192	97.455601	86.477054
10.867549	97.199118	84.492234
10.083338	95.616765	83.270276
9.296866	94.625455	83.397118
8.760842	93.836307	84.014356
7.976276	93.595747	86.000537
7.188805	94.827345	87.574164
7.975393	94.708754	88.567657
8.760383	93.133644	89.799192
9.545079	91.148765	89.557897
10.134323	89.632971	88.253574
10.135032	88.115544	86.950782
10.920737	88.041313	85.953432
11.705332	89.344879	84.437061
12.490931	91.339941	84.286617
13.274839	92.857491	85.585488
13.272955	94.380744	86.885898
14.058430	94.458120	87.883454
14.843532	93.159719	89.402712
15.628877	91.168118	89.560291
16.414431	89.644692	88.262906
17.201237	89.566544	87.265066
17.984677	90.865437	85.744233
18.771385	92.859478	85.587291
19.556222	94.380560	86.886369
18.769335	95.376909	86.806240
17.985052	96.025077	86.045569
17.199212	95.867348	84.050387
16.414611	94.346672	82.752736
16.354891	92.751987	81.547492
15.569828	91.761226	81.686128
14.783561	90.555340	83.279988
13.997863	90.830282	85.262731
14.036586	91.030526	87.250928
14.822389	90.395555	88.024229
15.607811	88.406361	88.224795
16.393221	86.858483	86.958980
16.424730	85.350819	85.644321
17.210936	85.281899	84.647406
17.995158	86.596799	83.137979
18.780843	88.591601	83.003103
19.483822	90.202004	84.188726
19.485051	91.812065	85.375530
19.484339	93.422561	86.560067
19.483818	95.035110	87.746977
18.698083	96.022827	87.594248
17.912326	97.207832	85.981619
17.128908	96.905923	84.008201
16.348847	95.303642	82.808165
15.563185	94.313958	82.953249
14.785932	93.106317	84.548977
14.000115	93.380114	86.528489
13.215461	94.974744	87.735831
12.429027	95.965309	87.599072
11.643878	97.172450	86.005824
10.857355	96.900367	84.025130
10.073431	95.304686	82.815780
10.067072	93.702648	81.617823
9.282390	92.713474	81.759883
8.496097	91.514681	83.361325
7.711029	91.800485	85.342242
6.925191	93.400976	86.539982
6.139947	94.390406	86.398315
5.354921	95.590241	84.795577
4.568640	95.304893	82.816967
3.786244	93.706256	81.616097
2.999719	92.716292	81.757732
2.215326	91.514733	83.355348
1.429827	91.795323	85.335522
2.214768	91.194684	86.134699
3.001035	89.214597	86.415629
3.785129	87.615395	85.215179
4.571246	87.475501	84.224956
5.355802	88.530312	82.820464
6.142204	90.507448	82.539512
6.927653	92.108300	83.742881
7.325157	93.116677	85.469335
7.033754	94.581663	86.831540
7.818707	94.617425	87.830595
8.603749	93.254785	89.294686
9.388056	91.255996	89.366469
10.132891	89.737790	88.065345
10.918522	89.660736	87.069004
11.703935	90.963038	85.549611
12.489661	92.956095	85.394269
13.274365	94.475512	86.695891
12.488887	95.472567	86.618790
11.703732	96.122262	85.859325
10.918678	95.967958	83.865892
10.133905	94.450110	82.565898
10.070436	92.851006	81.362447
9.283175	91.860243	81.502328
8.499554	90.660100	83.100550
7.715317	90.939883	85.081363
6.928246	92.178507	86.014055
6.142931	93.168907	85.873993
6.395129	94.162240	85.986526
5.611179	94.944744	85.362377
4.825722	95.169629	83.374680
4.039743	93.924335	81.810931
3.254318	92.928408	81.699575
2.468795	91.911203	82.509534
1.682941	91.684412	84.496813
2.469251	90.121146	85.743654
3.253572	88.134853	85.517878
3.842581	86.604465	84.230003
4.628132	86.520529	83.233898
5.413910	87.809144	81.704587
6.198403	89.803742	81.534867
6.983642	91.331101	82.823291
7.111210	92.684905	84.297010
7.277715	93.773167	85.971516
7.047411	95.216829	87.357503
7.832613	95.237822	88.357999
8.618996	93.852393	89.799550
9.404197	91.853752	89.841365
10.189426	91.132317	89.150538
10.974865	91.111520	88.151526
11.155651	91.431589	86.176966
11.942109	93.002750	85.045604
11.156516	93.322774	83.069818
10.371875	92.152541	81.448602
10.074266	90.558835	80.238900
10.074883	88.967046	79.027764
9.288983	87.975578	79.163935
8.504249	86.766278	80.758191
7.717859	87.037042	82.738672
