0.000000
0.001426
0.000239
0.000351
0.000255
0.000219
0.000754
0.000084
0.000087
0.000244
0.000040
0.000045
0.000382
0.000071
0.000189
0.000584
0.000139
0.000014
0.000128
0.000363
0.000975
0.000228
0.000240
0.000046
0.000098
0.000138
0.000409
0.000330
0.000204
0.000202
0.000499
0.000337
0.000945
0.001752
0.001708
0.001374
0.001319
0.001035
0.003092
0.001030
0.001939
0.003131
0.002538
0.003504
0.001953
0.003088
0.000790
0.001658
0.002734
0.000586
0.001423
0.000771
0.000264
0.000726
0.000143
0.000190
0.000028
0.000145
0.000040
0.001009
0.000231
0.000154
0.000218
0.000056
0.000487
0.000842
0.000058
0.000072
0.000268
0.000336
0.000062
0.000229
0.000262
0.000036
0.000030
0.000269
0.000180
0.000426
0.001453
0.000520
0.000249
0.000313
0.000064
0.000232
0.000720
0.000009
0.000109
0.000312
0.000089
0.000135
0.000064
0.000023
0.000393
0.000433
0.000823
0.000057
0.000999
0.000240
0.000319
0.000020
0.000734
0.001562
0.000242
0.001042
0.000138
0.000267
0.000667
0.000428
0.000855
0.000394
0.001242
0.000130
0.000374
0.000086
0.001256
0.000819
0.000606
0.000644
0.000564
0.000143
0.001278
0.000799
0.000346
0.000880
0.000316
0.000540
0.000028
0.000122
0.000445
0.001491
0.000107
0.000196
0.001120
0.000255
0.000774
0.000977
0.000867
0.000614
0.000264
0.000083
0.000790
0.001006
0.000385
0.000557
0.000406
0.000454
0.000747
0.000142
0.000178
0.000184
0.000523
0.000717
0.000359
0.000237
0.000704
0.000184
0.000482
0.000452
0.000525
0.000355
0.000729
0.000624
0.000599
0.000461
0.000977
0.000079
0.000091
0.000701
0.000452
0.000194
0.000264
0.000046
0.001230
0.000260
0.000582
0.000934
0.000439
0.000312
0.000221
0.000895
0.000126
0.000234
0.000607
0.001666
0.000196
0.000251
0.000494
0.000230
0.000314
0.000257
0.000678
0.000254
0.000422
0.000324
0.000524
0.001110
0.000112
0.000644
0.000251
0.000329
0.001185
0.000367
0.000142
0.000174
0.000376
0.000206
0.000245
0.000016
0.000330
0.000916
0.000290
0.000038
0.000430
0.000222
0.000221
0.000215
0.000039
0.000047
0.000528
0.000611
0.000118
0.000729
0.000163
0.000352
0.000107
0.000705
0.000343
0.000146
0.000461
0.000075
0.000190
0.001113
0.000108
0.000450
0.000892
0.000042
0.000908
0.000047
0.000439
0.000257
0.000541
0.001480
0.000282
0.000147
0.000328
0.000196
0.000103
0.000179
0.000622
0.000753
0.000419
0.000220
0.000411
0.000715
0.000064
0.000236
0.000301
0.000455
0.000462
0.000241
0.000158
0.000049
0.000542
0.000193
0.000181
0.000199
0.000496
0.000180
0.000608
0.000440
0.000112
0.000217
0.000309
0.000248
0.000107
0.000065
0.000164
0.000181
0.000215
0.000089
0.000162
0.000189
0.000058
0.000551
0.000119
0.000033
0.000190
0.000166
0.000573
0.000376
0.000186
0.000856
0.000600
0.000360
0.000116
0.000170
0.000609
0.000609
0.000339
0.001240
0.000382
0.000792
0.000143
0.000134
0.000470
0.001638
0.000296
0.000146
0.000273
0.000207
0.000279
0.000529
0.000607
0.000030
0.000442
0.000184
0.001006
0.000411
0.000349
0.000322
0.000431
0.000303
0.000338
0.000506
0.000548
0.000148
0.000163
0.000569
0.000513
0.000025
0.000008
0.000210
0.000007
0.000124
0.000301
0.000142
0.000418
0.000506
0.001044
0.000704
0.000235
0.000267
0.000801
0.000306
0.000223
0.000401
0.000269
0.000876
0.000586
0.000165
0.000020
0.000348
0.000677
0.000149
0.000806
0.000719
0.000359
0.000924
0.000151
0.000016
0.000277
0.000287
0.000813
0.000117
0.000187
0.000027
0.000821
0.000483
0.000096
0.000543
0.000615
0.000181
0.001278
0.000278
0.000592
0.000613
0.000073
0.000199
0.000687
0.000097
0.000874
0.000386
0.000089
0.000284
0.000045
0.000155
0.000147
0.000018
0.000092
0.000754
0.000477
0.000238
0.000401
0.000328
0.000354
0.000883
0.001080
0.000294
0.000175
0.000192
0.000359
0.000157
0.000079
0.000856
0.000443
0.000213
0.000090
0.000286
0.000119
0.000624
0.000199
0.001016
0.000383
0.000164
0.000121
0.000547
0.000075
0.000176
0.000274
0.000138
0.000454
0.000105
0.000557
0.000426
0.000832
0.000553
0.000185
0.000212
0.000087
0.000624
0.000442
0.000159
0.000135
0.000026
0.000089
0.000073
0.000233
0.000499
0.000287
0.000786
0.000240
0.000353
0.000118
0.000122
0.000105
0.000180
0.000281
0.000028
0.000039
0.000259
0.000409
0.000553
0.000375
0.000069
0.000140
0.000140
0.000140
0.000028
0.000607
0.000100
0.000500
0.000102
0.000141
0.000254
0.000150
0.000169
0.000266
0.000117
0.000328
0.000086
0.000285
0.000030
0.000290
0.000033
0.000470
0.000043
0.000252
0.000030
0.000154
0.000435
0.000500
0.000541
0.000152
0.000455
0.000205
0.000402
0.000474
0.000237
0.000282
0.000147
0.001004
0.000106
0.000482
0.000544
0.000009
0.000258
0.000075
0.000293
0.000346
0.001301
