0.068109
0.066597
0.054545
0.038978
0.037944
0.038255
0.052447
0.046242
0.043742
0.041297
0.037642
0.060558
0.037739
0.038099
0.037968
0.041443
0.037835
0.037681
0.044661
0.038682
0.038025
0.060389
0.049813
0.037772
0.037868
0.037435
0.037252
0.037690
0.059172
0.037906
0.037591
0.066267
0.061731
0.047816
0.037899
0.037909
0.038238
0.049576
0.060486
0.059196
0.050618
0.038649
0.050509
0.049700
0.050748
0.047879
0.038187
0.055637
0.048618
0.037530
0.041032
0.052235
0.047017
0.049660
0.058660
0.048596
0.039049
0.037437
0.037473
0.037455
0.039575
0.038185
0.038398
0.041963
0.038878
0.039800
0.038060
0.050441
0.047596
0.049115
0.059695
0.059143
0.059454
0.047313
0.037451
0.049698
0.059485
0.049434
0.038269
0.053420
0.063245
0.047760
0.037637
0.050942
0.047710
0.037814
0.038543
0.037238
0.051041
0.059740
0.047681
0.037907
0.038052
0.037548
0.041400
0.037568
0.039521
0.037940
0.049896
0.066443
0.047203
0.049190
0.047575
0.049532
0.047273
0.049794
0.058786
0.047112
0.038511
0.037878
0.037585
0.038226
0.037640
0.053040
0.046834
0.037642
0.051851
0.047953
0.037888
0.037741
0.037463
0.037918
0.037047
0.050364
0.047284
0.037877
0.038064
0.050324
0.051621
0.049614
0.059083
0.047745
0.038017
0.037718
0.037515
0.037760
0.037854
0.058731
0.042252
0.038174
0.037867
0.038088
0.038283
0.037964
0.046210
0.056649
0.041929
0.037875
0.038709
0.037971
0.057545
0.037241
0.037516
0.037425
0.056088
0.042273
0.050585
0.039812
0.037491
0.037483
0.037553
0.037653
0.037297
0.038052
0.047344
0.037419
0.037339
0.037695
0.134291
0.039925
0.038100
0.040095
0.037398
0.038586
0.038394
0.038226
0.037281
0.037903
0.037478
0.038242
0.039321
0.038785
0.037517
0.037358
0.054370
0.042334
0.041530
0.037863
0.037848
0.041793
0.045106
0.037688
0.037703
0.039734
0.037660
0.037593
0.037347
0.037292
0.037334
0.037584
0.037004
0.037295
0.037103
0.037320
0.037280
0.037699
0.038097
0.037859
0.036950
0.037611
0.037360
0.037629
0.037425
0.037288
0.038416
0.037420
0.037904
0.037730
0.038204
0.037492
0.037447
0.037541
0.037676
0.039717
0.037433
0.040798
0.037708
0.037652
0.037161
0.037434
0.037461
0.037576
0.037563
0.039223
0.039779
0.037599
0.037116
0.052438
0.039733
0.050710
0.045853
0.039000
0.039663
0.037508
0.037625
0.037409
0.037857
0.037388
0.037232
0.037653
0.037044
0.050292
0.040409
0.037505
0.038654
0.039241
0.038310
0.037353
0.056739
0.037425
0.040024
0.043566
0.039557
0.038178
0.038702
0.038983
0.040442
0.037731
0.038179
0.037737
0.037489
0.037880
0.037458
0.037860
0.037139
0.037594
0.037324
0.039049
0.084967
0.044755
0.037641
0.038648
0.058715
0.039166
0.038372
0.038587
0.037200
0.039305
0.037634
0.037611
0.056609
0.038910
0.038976
0.038121
0.037808
0.037443
0.037679
0.037534
0.056604
0.042766
0.059348
0.060195
0.060096
0.059632
0.063230
0.059775
0.060501
0.060333
0.060002
0.037609
0.037778
0.056904
0.061265
0.061621
0.059537
0.059601
0.060138
0.059340
0.044958
0.037601
0.037564
0.037780
0.037340
0.039875
0.038172
0.037889
0.037377
0.037505
0.037763
0.037813
0.037182
0.037598
0.037583
0.037388
0.037896
0.037504
0.038400
0.037687
0.037951
0.037954
0.037321
0.040656
0.038184
0.040772
0.037402
0.037543
0.037923
0.038270
0.037682
0.052663
0.038780
0.037527
0.037464
0.038552
0.056604
0.037869
0.037211
0.037835
0.037733
0.041790
0.037852
0.037308
0.037676
0.038009
0.037513
0.038679
0.038438
0.038478
0.037396
0.037566
0.037224
0.037776
0.038931
0.044161
0.037886
0.038698
0.037352
0.037493
0.037676
0.037841
0.037564
0.038207
0.048737
0.042634
0.037378
0.037576
0.039070
0.039508
0.037704
0.037700
0.038238
0.037680
0.038284
0.037843
0.038615
0.037836
0.037280
0.037299
0.037637
0.042126
0.037546
0.037533
0.037466
0.039517
0.037916
0.037609
0.038099
0.037746
0.038158
0.037553
0.039423
0.039235
0.037559
0.039282
0.037397
0.037378
0.040527
0.038629
0.037460
0.037944
0.037951
0.037163
0.037759
0.037541
0.037882
0.037704
0.037305
0.038247
0.038079
0.037757
0.046815
0.037845
0.038383
0.038361
0.056788
0.039069
0.037283
0.037366
0.038776
0.058371
0.061182
0.058709
0.059631
0.059457
0.058587
0.058834
0.059184
0.058962
0.060145
0.037957
0.037358
0.058103
0.058919
0.059906
0.058354
0.058865
0.059399
0.059022
0.046442
0.037329
0.037273
0.037583
0.037438
0.037576
0.037387
0.037539
0.039774
0.039943
0.037304
0.037594
0.037727
0.037517
0.037782
0.037456
0.037925
0.037492
0.037561
0.037243
0.038843
0.037909
0.036968
0.037531
0.066804
0.042231
0.037402
0.037860
0.037496
0.039036
0.037234
0.038170
0.038391
0.037994
0.037386
0.038543
0.060034
0.037725
0.037946
0.038470
0.037664
