0.005579
0.020317
0.036524
0.064967
0.100330
0.128126
0.155026
0.203356
0.256242
0.324432
0.410708
0.504081
0.562637
0.671953
0.782280
0.895435
1.021205
1.145766
1.274879
1.403277
1.556726
1.736342
1.882179
2.038436
2.206013
2.396158
2.550887
2.711504
2.901174
3.092384
3.303818
3.485079
3.568228
3.630157
3.515064
3.272299
3.043139
2.826452
2.642471
2.507056
2.288935
2.093262
1.960469
1.827117
1.674790
1.553872
1.434569
1.295891
1.174747
1.107123
1.075177
1.118031
1.243608
1.384252
1.522542
1.690315
1.850581
2.008952
2.165881
2.374220
2.567218
2.743415
2.961167
3.213131
3.435329
3.675572
3.893550
4.126737
4.368356
4.625280
4.888285
5.152992
5.049977
5.021328
4.866623
4.579922
4.317640
4.044596
3.804461
3.585698
3.300438
3.088588
2.840204
2.636022
2.507984
2.435442
2.418492
2.543181
2.728573
2.950907
3.135845
3.365682
3.568319
3.784051
4.023780
4.287854
4.509932
4.738197
4.969415
5.257172
5.616301
5.915455
6.165560
6.453963
6.631780
6.765187
6.728634
6.552195
6.417313
6.115329
5.906845
5.602515
5.396877
5.181977
4.971311
4.691398
4.474734
4.294203
4.115665
3.950941
3.800834
3.645411
3.491996
3.357667
3.301288
3.199048
3.141529
3.172728
3.355612
3.583287
3.653790
3.583282
3.357734
3.149541
2.921439
2.720053
2.527263
2.339371
2.159677
1.970048
1.804629
1.660544
1.559419
1.556181
1.549374
1.572428
1.595104
1.630358
1.673121
1.731873
1.789698
1.851480
1.891487
1.907465
1.987408
2.102403
2.145604
2.206139
2.229613
2.130382
2.034473
1.850547
1.588497
1.578088
1.477330
1.502606
1.563404
1.632542
1.696234
1.805933
1.896221
1.982064
2.141323
2.224305
2.351396
2.462557
2.642243
2.731515
2.864632
3.032157
3.221156
3.433128
3.638104
3.822045
3.991453
4.207974
4.281231
4.200870
4.077643
3.885096
3.799200
3.717159
3.801953
4.036439
4.265352
4.558697
4.738667
4.879267
5.097147
5.377245
5.595000
5.843081
5.942744
5.866011
5.629677
5.428686
5.239738
5.065765
5.026193
5.135566
5.371315
5.581248
5.774412
6.088345
6.408765
6.424440
6.511150
6.499698
6.151091
5.776148
5.487349
5.181640
4.927244
4.625085
4.401910
4.319366
4.273302
4.483007
4.706990
4.914863
5.209487
5.425841
5.651903
5.925706
6.198042
6.031665
5.977511
5.738554
5.471441
5.219246
4.949351
4.851328
4.785860
4.903774
5.169943
5.460454
5.748157
6.011212
6.308559
6.595041
6.911360
7.164770
7.538529
7.858028
8.232892
8.357646
8.528711
8.391582
8.001769
7.671445
7.309986
6.957958
6.654952
6.353938
6.061253
5.806635
5.511960
5.225861
4.926908
4.649849
4.413670
4.185216
3.945414
3.755846
3.547527
3.449480
3.493440
3.688179
3.956310
4.200548
4.420714
4.647667
4.842672
5.055302
5.331821
5.593634
5.886358
6.195499
6.491117
6.764837
7.074567
7.394659
7.685593
8.034469
8.378784
8.703382
8.798499
8.826888
8.668572
8.320160
7.973208
7.625610
7.295927
6.976316
6.675432
6.580193
6.582079
6.792974
7.112879
7.453636
7.709124
8.006121
8.415263
8.739235
9.117496
9.439893
9.721126
10.076941
10.411128
10.786626
11.219737
11.358938
11.311835
11.067343
10.653745
10.195906
9.939533
9.681761
9.305736
8.980265
8.652236
8.440093
8.125270
7.726687
7.451258
7.129552
6.901782
6.666336
6.392178
6.151100
5.929527
5.701180
5.577017
5.446166
5.369026
5.434821
5.708247
6.014630
6.306424
6.592284
6.922544
7.215754
7.538421
7.884825
8.184669
8.509690
8.814518
9.150635
9.519062
9.841125
10.123148
10.441643
10.815713
10.941987
10.836742
10.476352
10.124294
9.768412
9.428825
9.101239
8.783132
8.496313
8.210048
7.894404
7.628258
7.527877
7.701158
8.034633
8.342913
8.607636
8.926548
9.231123
9.558369
9.911155
10.283235
10.600095
10.999656
11.462587
11.805148
12.141615
12.353379
12.322452
12.163172
11.762784
11.427558
11.034536
10.620892
10.207417
10.095266
10.028629
10.182528
10.546992
10.944266
11.265624
11.602689
12.009421
12.406595
12.798961
13.205284
13.730029
13.867679
13.804540
13.517129
13.020612
12.648370
12.191561
11.996521
12.066363
12.410089
12.741809
13.166564
13.561779
13.942347
14.294200
14.766194
15.215135
15.365241
15.406863
14.972193
14.519191
13.989868
13.563819
13.164290
12.730335
12.523528
12.584766
12.959193
13.359825
13.734396
14.188022
14.698118
15.210985
15.396226
15.457244
15.108357
14.637152
14.359685
13.916680
13.630181
13.030753
12.867796
12.779028
13.060666
13.508943
13.964892
14.482905
14.991940
15.346462
15.592383
15.641761
15.279970
14.808139
14.417095
14.015159
13.529602
13.095967
12.727184
12.281626
12.079707
12.092273
12.374885
12.790657
13.155949
13.523722
14.023618
14.508598
14.978948
15.414870
15.550422
15.541163
15.169432
14.655543
14.181619
13.748243
13.289917
12.872303
12.481047
11.978610
11.816710
11.726806
12.005666
12.425679
12.879737
13.357388
13.894320
14.293329
14.767449
15.223623
15.363183
