0.074027
0.088290
0.051741
0.043036
0.039832
0.054003
0.050353
0.046780
0.045919
0.049037
0.048459
0.039924
0.039005
0.042244
0.047232
0.074659
0.040995
0.040392
0.040686
0.043861
0.038000
0.058259
0.055686
0.037245
0.041409
0.044052
0.037272
0.038695
0.061165
0.045755
0.046959
0.063859
0.064850
0.050521
0.042323
0.047251
0.039537
0.065256
0.076097
0.075930
0.049617
0.040454
0.052104
0.048973
0.053757
0.052925
0.036231
0.049689
0.052774
0.036257
0.036759
0.056488
0.048324
0.049580
0.063835
0.046664
0.036068
0.035684
0.037462
0.043218
0.041029
0.035744
0.039078
0.037047
0.037163
0.038973
0.037466
0.050401
0.050548
0.054021
0.059429
0.061437
0.064449
0.046180
0.036048
0.049088
0.065768
0.063609
0.035656
0.051881
0.060910
0.054437
0.035857
0.052603
0.051377
0.037711
0.035416
0.037122
0.050148
0.063722
0.046487
0.035898
0.042236
0.040569
0.038830
0.035824
0.040083
0.037284
0.050789
0.059975
0.048912
0.048628
0.049373
0.048941
0.047971
0.050250
0.065530
0.048703
0.036886
0.034317
0.037789
0.034697
0.040156
0.053220
0.049133
0.036763
0.051530
0.046691
0.039176
0.037633
0.035680
0.039755
0.037422
0.060687
0.047310
0.038307
