44.000000	
44.000000	
44.000000	
44.000000	
44.000000	
44.000000	
12.000000	13.000000	44.000000	
12.000000	13.000000	44.000000	
12.000000	13.000000	44.000000	
12.000000	13.000000	44.000000	
12.000000	13.000000	44.000000	
12.000000	13.000000	44.000000	
12.000000	13.000000	44.000000	
12.000000	13.000000	44.000000	
12.000000	13.000000	44.000000	
12.000000	13.000000	44.000000	
12.000000	13.000000	44.000000	
11.000000	12.000000	13.000000	44.000000	
11.000000	12.000000	13.000000	44.000000	
11.000000	12.000000	13.000000	44.000000	48.000000	
11.000000	12.000000	13.000000	44.000000	48.000000	
12.000000	13.000000	44.000000	
12.000000	13.000000	44.000000	
12.000000	13.000000	44.000000	
12.000000	13.000000	44.000000	
12.000000	13.000000	44.000000	
12.000000	13.000000	44.000000	
12.000000	13.000000	44.000000	
12.000000	13.000000	44.000000	
12.000000	13.000000	44.000000	
12.000000	13.000000	44.000000	
12.000000	13.000000	44.000000	
12.000000	13.000000	44.000000	
12.000000	13.000000	44.000000	
11.000000	12.000000	13.000000	44.000000	48.000000	
11.000000	12.000000	13.000000	44.000000	48.000000	
11.000000	12.000000	13.000000	48.000000	
11.000000	12.000000	13.000000	48.000000	
11.000000	12.000000	13.000000	48.000000	
5.000000	11.000000	12.000000	13.000000	48.000000	
5.000000	11.000000	12.000000	13.000000	48.000000	
5.000000	11.000000	12.000000	13.000000	48.000000	
5.000000	7.000000	11.000000	12.000000	13.000000	48.000000	
5.000000	7.000000	11.000000	12.000000	13.000000	48.000000	
5.000000	7.000000	11.000000	12.000000	13.000000	48.000000	
5.000000	7.000000	11.000000	12.000000	48.000000	
5.000000	7.000000	11.000000	12.000000	48.000000	
5.000000	7.000000	11.000000	35.000000	48.000000	
5.000000	7.000000	11.000000	35.000000	48.000000	
5.000000	7.000000	11.000000	35.000000	43.000000	
5.000000	7.000000	11.000000	35.000000	43.000000	
5.000000	7.000000	35.000000	43.000000	
5.000000	7.000000	35.000000	43.000000	
5.000000	7.000000	35.000000	43.000000	
5.000000	7.000000	35.000000	43.000000	
7.000000	20.000000	35.000000	43.000000	
7.000000	20.000000	35.000000	43.000000	
7.000000	20.000000	35.000000	43.000000	
5.000000	7.000000	20.000000	26.000000	35.000000	43.000000	
5.000000	7.000000	35.000000	43.000000	
5.000000	7.000000	35.000000	43.000000	
5.000000	7.000000	35.000000	43.000000	
5.000000	7.000000	11.000000	35.000000	43.000000	
5.000000	7.000000	11.000000	35.000000	43.000000	
5.000000	7.000000	11.000000	35.000000	43.000000	48.000000	
5.000000	7.000000	11.000000	35.000000	48.000000	
5.000000	7.000000	11.000000	35.000000	48.000000	
5.000000	7.000000	11.000000	12.000000	48.000000	
5.000000	7.000000	11.000000	12.000000	13.000000	48.000000	
5.000000	7.000000	11.000000	12.000000	13.000000	48.000000	
5.000000	7.000000	11.000000	12.000000	13.000000	48.000000	
5.000000	7.000000	11.000000	12.000000	13.000000	48.000000	
5.000000	11.000000	12.000000	13.000000	48.000000	
5.000000	11.000000	12.000000	13.000000	48.000000	
5.000000	11.000000	12.000000	13.000000	48.000000	
11.000000	12.000000	13.000000	48.000000	
11.000000	12.000000	13.000000	48.000000	
5.000000	11.000000	12.000000	13.000000	48.000000	
5.000000	7.000000	11.000000	12.000000	13.000000	48.000000	
5.000000	7.000000	11.000000	12.000000	13.000000	48.000000	
5.000000	7.000000	11.000000	12.000000	13.000000	48.000000	
5.000000	7.000000	11.000000	12.000000	48.000000	
5.000000	7.000000	11.000000	12.000000	
5.000000	7.000000	11.000000	
5.000000	7.000000	11.000000	35.000000	
5.000000	7.000000	11.000000	35.000000	43.000000	
5.000000	7.000000	35.000000	43.000000	
5.000000	7.000000	35.000000	43.000000	
5.000000	7.000000	35.000000	43.000000	
7.000000	35.000000	43.000000	
7.000000	35.000000	43.000000	
7.000000	35.000000	43.000000	
7.000000	20.000000	35.000000	43.000000	
7.000000	20.000000	35.000000	43.000000	
7.000000	20.000000	35.000000	43.000000	
7.000000	20.000000	35.000000	43.000000	
7.000000	10.000000	20.000000	35.000000	43.000000	
7.000000	10.000000	20.000000	35.000000	43.000000	
10.000000	20.000000	35.000000	42.000000	43.000000	
10.000000	20.000000	34.000000	35.000000	42.000000	43.000000	
10.000000	20.000000	34.000000	35.000000	42.000000	43.000000	
10.000000	20.000000	26.000000	34.000000	35.000000	42.000000	43.000000	
10.000000	20.000000	26.000000	34.000000	35.000000	42.000000	43.000000	
10.000000	20.000000	26.000000	34.000000	35.000000	42.000000	43.000000	
10.000000	20.000000	26.000000	34.000000	35.000000	42.000000	43.000000	
10.000000	20.000000	26.000000	34.000000	35.000000	42.000000	43.000000	
10.000000	20.000000	26.000000	34.000000	35.000000	42.000000	43.000000	
10.000000	20.000000	26.000000	34.000000	35.000000	42.000000	43.000000	
10.000000	20.000000	26.000000	34.000000	35.000000	42.000000	43.000000	
10.000000	20.000000	26.000000	34.000000	35.000000	42.000000	43.000000	
10.000000	20.000000	26.000000	34.000000	35.000000	42.000000	43.000000	
10.000000	20.000000	26.000000	34.000000	40.000000	42.000000	
10.000000	20.000000	26.000000	34.000000	40.000000	42.000000	
10.000000	20.000000	26.000000	34.000000	37.000000	40.000000	42.000000	
10.000000	20.000000	26.000000	34.000000	37.000000	40.000000	42.000000	
10.000000	23.000000	26.000000	34.000000	37.000000	40.000000	42.000000	46.000000	
10.000000	23.000000	26.000000	34.000000	37.000000	40.000000	42.000000	46.000000	
23.000000	26.000000	34.000000	37.000000	40.000000	46.000000	
23.000000	26.000000	28.000000	34.000000	37.000000	40.000000	42.000000	46.000000	
10.000000	23.000000	26.000000	28.000000	34.000000	40.000000	46.000000	
23.000000	26.000000	28.000000	34.000000	40.000000	
23.000000	26.000000	28.000000	34.000000	35.000000	40.000000	
26.000000	28.000000	34.000000	35.000000	40.000000	
26.000000	28.000000	34.000000	35.000000	40.000000	
26.000000	28.000000	34.000000	35.000000	40.000000	43.000000	
26.000000	28.000000	35.000000	40.000000	43.000000	
5.000000	26.000000	28.000000	35.000000	40.000000	43.000000	
5.000000	26.000000	28.000000	35.000000	43.000000	
5.000000	26.000000	28.000000	35.000000	43.000000	
5.000000	26.000000	28.000000	35.000000	43.000000	
5.000000	11.000000	26.000000	28.000000	35.000000	43.000000	
5.000000	7.000000	11.000000	26.000000	28.000000	35.000000	43.000000	48.000000	
5.000000	11.000000	26.000000	28.000000	35.000000	48.000000	
5.000000	11.000000	26.000000	28.000000	35.000000	48.000000	
5.000000	11.000000	26.000000	28.000000	35.000000	48.000000	
5.000000	11.000000	26.000000	28.000000	35.000000	48.000000	
5.000000	26.000000	28.000000	35.000000	
5.000000	26.000000	28.000000	35.000000	
5.000000	26.000000	28.000000	40.000000	
26.000000	28.000000	40.000000	
26.000000	28.000000	40.000000	
23.000000	26.000000	28.000000	40.000000	
23.000000	26.000000	28.000000	40.000000	
4.000000	23.000000	26.000000	28.000000	40.000000	
4.000000	23.000000	26.000000	28.000000	40.000000	46.000000	
4.000000	23.000000	28.000000	40.000000	46.000000	
4.000000	23.000000	28.000000	40.000000	45.000000	46.000000	
4.000000	17.000000	23.000000	28.000000	40.000000	45.000000	46.000000	
4.000000	17.000000	23.000000	28.000000	40.000000	45.000000	46.000000	
4.000000	17.000000	23.000000	28.000000	40.000000	45.000000	46.000000	
4.000000	17.000000	23.000000	28.000000	40.000000	45.000000	46.000000	
4.000000	17.000000	23.000000	28.000000	40.000000	45.000000	
4.000000	17.000000	23.000000	28.000000	40.000000	
4.000000	17.000000	23.000000	28.000000	40.000000	
4.000000	17.000000	23.000000	28.000000	40.000000	
23.000000	26.000000	28.000000	40.000000	
26.000000	28.000000	40.000000	
26.000000	28.000000	40.000000	
5.000000	26.000000	28.000000	40.000000	
5.000000	26.000000	28.000000	
5.000000	26.000000	28.000000	
5.000000	11.000000	26.000000	28.000000	48.000000	
5.000000	11.000000	26.000000	28.000000	35.000000	48.000000	
5.000000	11.000000	28.000000	35.000000	48.000000	
5.000000	11.000000	28.000000	35.000000	48.000000	
5.000000	11.000000	28.000000	48.000000	
5.000000	11.000000	28.000000	48.000000	
5.000000	11.000000	28.000000	48.000000	
5.000000	11.000000	28.000000	48.000000	
5.000000	28.000000	
5.000000	28.000000	
5.000000	28.000000	
28.000000	40.000000	
17.000000	28.000000	40.000000	
17.000000	23.000000	28.000000	40.000000	
4.000000	17.000000	23.000000	28.000000	40.000000	
4.000000	17.000000	23.000000	28.000000	40.000000	
4.000000	17.000000	23.000000	28.000000	40.000000	45.000000	
4.000000	17.000000	23.000000	28.000000	40.000000	45.000000	
4.000000	17.000000	23.000000	28.000000	40.000000	45.000000	
4.000000	17.000000	23.000000	28.000000	40.000000	45.000000	46.000000	
4.000000	17.000000	23.000000	28.000000	40.000000	45.000000	46.000000	
4.000000	17.000000	23.000000	28.000000	40.000000	45.000000	46.000000	50.000000	
4.000000	14.000000	17.000000	23.000000	40.000000	45.000000	46.000000	50.000000	
4.000000	14.000000	17.000000	22.000000	23.000000	40.000000	45.000000	46.000000	50.000000	
4.000000	14.000000	17.000000	18.000000	22.000000	23.000000	40.000000	45.000000	46.000000	50.000000	
4.000000	14.000000	17.000000	18.000000	22.000000	23.000000	40.000000	45.000000	46.000000	50.000000	
4.000000	14.000000	17.000000	22.000000	23.000000	40.000000	45.000000	46.000000	50.000000	
4.000000	14.000000	17.000000	22.000000	23.000000	40.000000	45.000000	46.000000	50.000000	
4.000000	14.000000	17.000000	23.000000	40.000000	45.000000	46.000000	50.000000	
4.000000	17.000000	23.000000	40.000000	45.000000	46.000000	50.000000	
4.000000	17.000000	23.000000	28.000000	40.000000	45.000000	46.000000	50.000000	
4.000000	17.000000	23.000000	28.000000	40.000000	45.000000	46.000000	
4.000000	17.000000	23.000000	28.000000	40.000000	45.000000	46.000000	
4.000000	17.000000	23.000000	28.000000	40.000000	45.000000	46.000000	
4.000000	17.000000	23.000000	28.000000	40.000000	45.000000	46.000000	
4.000000	17.000000	23.000000	28.000000	40.000000	
4.000000	17.000000	23.000000	28.000000	40.000000	
4.000000	17.000000	23.000000	28.000000	40.000000	
4.000000	17.000000	23.000000	28.000000	40.000000	45.000000	
4.000000	17.000000	23.000000	28.000000	40.000000	45.000000	
4.000000	17.000000	23.000000	28.000000	40.000000	45.000000	
4.000000	17.000000	23.000000	28.000000	40.000000	45.000000	
4.000000	17.000000	23.000000	28.000000	40.000000	45.000000	
4.000000	17.000000	23.000000	28.000000	40.000000	45.000000	
4.000000	14.000000	17.000000	22.000000	23.000000	40.000000	45.000000	50.000000	
4.000000	14.000000	17.000000	18.000000	22.000000	23.000000	45.000000	50.000000	
4.000000	14.000000	17.000000	18.000000	22.000000	23.000000	45.000000	50.000000	
4.000000	14.000000	17.000000	18.000000	22.000000	23.000000	45.000000	50.000000	
4.000000	14.000000	17.000000	18.000000	22.000000	23.000000	45.000000	50.000000	
4.000000	14.000000	17.000000	18.000000	22.000000	45.000000	50.000000	
4.000000	14.000000	17.000000	18.000000	22.000000	45.000000	50.000000	
4.000000	14.000000	18.000000	22.000000	45.000000	50.000000	
4.000000	14.000000	18.000000	19.000000	22.000000	45.000000	49.000000	50.000000	
4.000000	14.000000	18.000000	19.000000	22.000000	24.000000	45.000000	49.000000	50.000000	
4.000000	14.000000	18.000000	19.000000	22.000000	24.000000	38.000000	45.000000	49.000000	50.000000	
4.000000	14.000000	18.000000	19.000000	22.000000	24.000000	38.000000	45.000000	49.000000	50.000000	
4.000000	14.000000	18.000000	19.000000	22.000000	38.000000	45.000000	49.000000	50.000000	
4.000000	14.000000	18.000000	22.000000	23.000000	45.000000	49.000000	50.000000	
4.000000	14.000000	18.000000	22.000000	23.000000	45.000000	46.000000	49.000000	50.000000	
4.000000	14.000000	18.000000	22.000000	23.000000	45.000000	46.000000	49.000000	50.000000	
4.000000	14.000000	17.000000	18.000000	22.000000	23.000000	45.000000	46.000000	50.000000	
4.000000	14.000000	17.000000	18.000000	22.000000	23.000000	45.000000	46.000000	50.000000	
4.000000	14.000000	17.000000	18.000000	22.000000	23.000000	40.000000	45.000000	46.000000	50.000000	
4.000000	14.000000	17.000000	22.000000	23.000000	40.000000	45.000000	46.000000	50.000000	
4.000000	14.000000	17.000000	22.000000	23.000000	40.000000	45.000000	46.000000	50.000000	
4.000000	17.000000	23.000000	28.000000	40.000000	45.000000	46.000000	50.000000	
4.000000	17.000000	23.000000	28.000000	40.000000	45.000000	46.000000	
4.000000	17.000000	23.000000	28.000000	40.000000	45.000000	46.000000	
4.000000	17.000000	23.000000	28.000000	40.000000	45.000000	46.000000	
4.000000	17.000000	23.000000	28.000000	40.000000	45.000000	46.000000	
4.000000	17.000000	23.000000	28.000000	40.000000	45.000000	
4.000000	17.000000	23.000000	28.000000	40.000000	
4.000000	17.000000	23.000000	28.000000	40.000000	46.000000	
4.000000	23.000000	28.000000	40.000000	45.000000	46.000000	
4.000000	23.000000	28.000000	40.000000	45.000000	46.000000	
4.000000	23.000000	28.000000	40.000000	45.000000	46.000000	
4.000000	23.000000	28.000000	40.000000	45.000000	46.000000	
4.000000	23.000000	28.000000	40.000000	45.000000	46.000000	50.000000	
4.000000	23.000000	40.000000	45.000000	46.000000	50.000000	
4.000000	23.000000	40.000000	45.000000	46.000000	50.000000	
4.000000	14.000000	23.000000	40.000000	45.000000	46.000000	50.000000	
4.000000	14.000000	22.000000	23.000000	40.000000	45.000000	46.000000	50.000000	
4.000000	14.000000	22.000000	23.000000	40.000000	45.000000	46.000000	49.000000	50.000000	
4.000000	14.000000	22.000000	23.000000	40.000000	45.000000	46.000000	49.000000	50.000000	
4.000000	14.000000	22.000000	23.000000	38.000000	45.000000	46.000000	49.000000	50.000000	
4.000000	14.000000	22.000000	23.000000	38.000000	45.000000	46.000000	49.000000	50.000000	
4.000000	14.000000	22.000000	23.000000	38.000000	45.000000	46.000000	49.000000	50.000000	
4.000000	14.000000	22.000000	23.000000	38.000000	45.000000	46.000000	49.000000	50.000000	
4.000000	14.000000	18.000000	22.000000	38.000000	45.000000	46.000000	49.000000	50.000000	
4.000000	14.000000	18.000000	22.000000	33.000000	38.000000	45.000000	46.000000	49.000000	50.000000	
4.000000	14.000000	18.000000	19.000000	22.000000	33.000000	38.000000	45.000000	49.000000	50.000000	
14.000000	18.000000	19.000000	22.000000	24.000000	33.000000	38.000000	45.000000	49.000000	50.000000	
14.000000	18.000000	19.000000	22.000000	24.000000	33.000000	38.000000	45.000000	49.000000	50.000000	
14.000000	16.000000	18.000000	19.000000	22.000000	24.000000	33.000000	38.000000	45.000000	49.000000	50.000000	
14.000000	16.000000	18.000000	19.000000	22.000000	24.000000	33.000000	38.000000	45.000000	49.000000	50.000000	
14.000000	16.000000	18.000000	19.000000	22.000000	24.000000	33.000000	38.000000	45.000000	49.000000	50.000000	
14.000000	18.000000	19.000000	22.000000	24.000000	33.000000	38.000000	45.000000	49.000000	50.000000	
4.000000	14.000000	18.000000	19.000000	22.000000	24.000000	33.000000	38.000000	45.000000	49.000000	50.000000	
4.000000	14.000000	18.000000	19.000000	22.000000	24.000000	38.000000	45.000000	49.000000	50.000000	
4.000000	14.000000	18.000000	19.000000	22.000000	24.000000	45.000000	49.000000	50.000000	
4.000000	14.000000	18.000000	22.000000	45.000000	49.000000	50.000000	
4.000000	14.000000	17.000000	18.000000	22.000000	45.000000	50.000000	
4.000000	14.000000	17.000000	18.000000	22.000000	45.000000	50.000000	
4.000000	14.000000	17.000000	18.000000	22.000000	45.000000	50.000000	
4.000000	14.000000	17.000000	18.000000	22.000000	45.000000	50.000000	
4.000000	14.000000	17.000000	18.000000	22.000000	41.000000	45.000000	50.000000	
4.000000	14.000000	17.000000	18.000000	22.000000	41.000000	45.000000	
4.000000	14.000000	17.000000	18.000000	22.000000	41.000000	45.000000	
4.000000	14.000000	17.000000	18.000000	22.000000	41.000000	45.000000	
4.000000	14.000000	17.000000	18.000000	22.000000	41.000000	45.000000	
4.000000	14.000000	17.000000	18.000000	22.000000	41.000000	45.000000	
4.000000	14.000000	17.000000	18.000000	22.000000	41.000000	45.000000	
4.000000	14.000000	17.000000	18.000000	22.000000	45.000000	
14.000000	17.000000	18.000000	22.000000	45.000000	
14.000000	18.000000	22.000000	45.000000	50.000000	
14.000000	18.000000	19.000000	22.000000	24.000000	45.000000	50.000000	
14.000000	18.000000	19.000000	22.000000	24.000000	45.000000	50.000000	
14.000000	16.000000	18.000000	19.000000	22.000000	24.000000	45.000000	
14.000000	16.000000	18.000000	19.000000	22.000000	24.000000	33.000000	
14.000000	16.000000	18.000000	19.000000	22.000000	24.000000	33.000000	
14.000000	16.000000	18.000000	19.000000	22.000000	24.000000	33.000000	
14.000000	16.000000	18.000000	19.000000	22.000000	24.000000	33.000000	
14.000000	16.000000	18.000000	19.000000	22.000000	24.000000	33.000000	
14.000000	16.000000	18.000000	19.000000	22.000000	24.000000	33.000000	
14.000000	16.000000	18.000000	19.000000	22.000000	24.000000	33.000000	
14.000000	16.000000	18.000000	19.000000	22.000000	24.000000	33.000000	
16.000000	18.000000	19.000000	22.000000	24.000000	33.000000	
14.000000	16.000000	18.000000	19.000000	22.000000	24.000000	33.000000	38.000000	
14.000000	16.000000	18.000000	19.000000	22.000000	24.000000	33.000000	38.000000	
14.000000	16.000000	18.000000	19.000000	22.000000	24.000000	33.000000	38.000000	49.000000	
14.000000	16.000000	18.000000	19.000000	22.000000	24.000000	33.000000	38.000000	49.000000	
14.000000	16.000000	18.000000	19.000000	22.000000	24.000000	33.000000	38.000000	49.000000	50.000000	
14.000000	16.000000	18.000000	19.000000	22.000000	24.000000	33.000000	38.000000	49.000000	50.000000	
14.000000	16.000000	18.000000	19.000000	22.000000	24.000000	33.000000	38.000000	45.000000	49.000000	50.000000	
14.000000	16.000000	18.000000	19.000000	22.000000	24.000000	33.000000	38.000000	45.000000	49.000000	50.000000	
14.000000	16.000000	18.000000	19.000000	22.000000	24.000000	33.000000	38.000000	45.000000	49.000000	50.000000	
4.000000	14.000000	18.000000	19.000000	22.000000	24.000000	33.000000	38.000000	45.000000	49.000000	50.000000	
4.000000	14.000000	18.000000	19.000000	22.000000	24.000000	33.000000	38.000000	45.000000	49.000000	50.000000	
4.000000	14.000000	18.000000	19.000000	22.000000	38.000000	45.000000	49.000000	50.000000	
4.000000	14.000000	18.000000	22.000000	23.000000	38.000000	45.000000	49.000000	50.000000	
4.000000	14.000000	18.000000	22.000000	23.000000	38.000000	45.000000	46.000000	49.000000	50.000000	
4.000000	14.000000	18.000000	22.000000	23.000000	45.000000	46.000000	49.000000	50.000000	
4.000000	14.000000	18.000000	22.000000	23.000000	45.000000	46.000000	49.000000	50.000000	
4.000000	14.000000	18.000000	22.000000	23.000000	45.000000	46.000000	49.000000	50.000000	
4.000000	14.000000	17.000000	18.000000	22.000000	23.000000	45.000000	50.000000	
4.000000	14.000000	18.000000	22.000000	23.000000	45.000000	49.000000	50.000000	
4.000000	14.000000	18.000000	22.000000	45.000000	49.000000	50.000000	
4.000000	14.000000	18.000000	19.000000	22.000000	24.000000	38.000000	45.000000	49.000000	50.000000	
4.000000	14.000000	18.000000	19.000000	22.000000	24.000000	45.000000	49.000000	50.000000	
14.000000	18.000000	19.000000	22.000000	24.000000	33.000000	38.000000	45.000000	49.000000	50.000000	
14.000000	16.000000	18.000000	19.000000	22.000000	24.000000	33.000000	38.000000	45.000000	49.000000	50.000000	
14.000000	16.000000	18.000000	19.000000	22.000000	24.000000	33.000000	38.000000	45.000000	49.000000	50.000000	
14.000000	16.000000	18.000000	19.000000	22.000000	24.000000	33.000000	38.000000	45.000000	49.000000	50.000000	
14.000000	16.000000	18.000000	19.000000	22.000000	24.000000	33.000000	38.000000	49.000000	50.000000	
14.000000	16.000000	18.000000	19.000000	22.000000	24.000000	33.000000	38.000000	49.000000	
14.000000	16.000000	18.000000	19.000000	22.000000	24.000000	33.000000	38.000000	
14.000000	16.000000	18.000000	19.000000	22.000000	24.000000	33.000000	38.000000	
14.000000	16.000000	18.000000	19.000000	22.000000	24.000000	33.000000	38.000000	
14.000000	16.000000	18.000000	19.000000	22.000000	24.000000	33.000000	
16.000000	18.000000	19.000000	22.000000	24.000000	33.000000	
16.000000	18.000000	19.000000	22.000000	24.000000	33.000000	
14.000000	16.000000	18.000000	19.000000	22.000000	24.000000	33.000000	
14.000000	16.000000	18.000000	19.000000	22.000000	24.000000	33.000000	
14.000000	16.000000	18.000000	19.000000	22.000000	24.000000	33.000000	
14.000000	16.000000	18.000000	19.000000	22.000000	24.000000	33.000000	
14.000000	16.000000	18.000000	19.000000	22.000000	24.000000	33.000000	38.000000	
14.000000	16.000000	18.000000	19.000000	22.000000	24.000000	33.000000	38.000000	49.000000	50.000000	
14.000000	16.000000	18.000000	19.000000	22.000000	24.000000	33.000000	38.000000	45.000000	49.000000	50.000000	
14.000000	16.000000	18.000000	19.000000	22.000000	24.000000	33.000000	38.000000	45.000000	49.000000	50.000000	
14.000000	16.000000	18.000000	19.000000	22.000000	24.000000	33.000000	38.000000	45.000000	49.000000	50.000000	
4.000000	14.000000	18.000000	19.000000	22.000000	24.000000	33.000000	38.000000	45.000000	49.000000	50.000000	
4.000000	14.000000	18.000000	19.000000	22.000000	24.000000	33.000000	38.000000	45.000000	49.000000	50.000000	
4.000000	14.000000	18.000000	19.000000	22.000000	38.000000	45.000000	49.000000	50.000000	
4.000000	14.000000	18.000000	22.000000	45.000000	49.000000	50.000000	
4.000000	14.000000	18.000000	22.000000	23.000000	45.000000	46.000000	49.000000	50.000000	
4.000000	14.000000	18.000000	22.000000	23.000000	45.000000	46.000000	49.000000	50.000000	
4.000000	14.000000	18.000000	22.000000	23.000000	45.000000	46.000000	49.000000	50.000000	
4.000000	14.000000	17.000000	18.000000	22.000000	23.000000	45.000000	46.000000	50.000000	
4.000000	14.000000	17.000000	18.000000	22.000000	23.000000	45.000000	50.000000	
4.000000	14.000000	18.000000	22.000000	45.000000	50.000000	
4.000000	14.000000	18.000000	22.000000	45.000000	49.000000	50.000000	
4.000000	14.000000	18.000000	19.000000	22.000000	24.000000	45.000000	49.000000	50.000000	
4.000000	14.000000	18.000000	19.000000	22.000000	24.000000	45.000000	49.000000	50.000000	
14.000000	18.000000	19.000000	22.000000	24.000000	33.000000	38.000000	45.000000	49.000000	50.000000	
14.000000	16.000000	18.000000	19.000000	22.000000	24.000000	33.000000	38.000000	45.000000	49.000000	50.000000	
14.000000	16.000000	18.000000	19.000000	22.000000	24.000000	33.000000	38.000000	45.000000	49.000000	50.000000	
14.000000	16.000000	18.000000	19.000000	22.000000	24.000000	33.000000	38.000000	45.000000	49.000000	50.000000	
14.000000	16.000000	18.000000	19.000000	22.000000	24.000000	33.000000	38.000000	49.000000	50.000000	
14.000000	16.000000	18.000000	19.000000	22.000000	24.000000	33.000000	38.000000	49.000000	
14.000000	16.000000	18.000000	19.000000	22.000000	24.000000	33.000000	38.000000	
14.000000	16.000000	18.000000	19.000000	22.000000	24.000000	33.000000	38.000000	
14.000000	16.000000	18.000000	19.000000	22.000000	24.000000	33.000000	38.000000	
14.000000	16.000000	18.000000	19.000000	22.000000	24.000000	33.000000	
16.000000	18.000000	19.000000	22.000000	24.000000	33.000000	
16.000000	18.000000	19.000000	24.000000	33.000000	38.000000	
14.000000	16.000000	18.000000	19.000000	22.000000	24.000000	33.000000	38.000000	
14.000000	16.000000	18.000000	19.000000	22.000000	24.000000	33.000000	38.000000	49.000000	
14.000000	16.000000	18.000000	19.000000	22.000000	24.000000	33.000000	38.000000	49.000000	
14.000000	16.000000	18.000000	19.000000	22.000000	24.000000	33.000000	38.000000	49.000000	50.000000	
14.000000	16.000000	18.000000	19.000000	22.000000	24.000000	33.000000	38.000000	49.000000	50.000000	
14.000000	16.000000	18.000000	19.000000	22.000000	24.000000	33.000000	38.000000	49.000000	50.000000	
14.000000	16.000000	18.000000	19.000000	22.000000	24.000000	33.000000	38.000000	45.000000	49.000000	50.000000	
14.000000	16.000000	18.000000	19.000000	22.000000	24.000000	33.000000	38.000000	45.000000	49.000000	50.000000	
14.000000	18.000000	19.000000	22.000000	24.000000	33.000000	38.000000	45.000000	49.000000	50.000000	
4.000000	14.000000	18.000000	19.000000	22.000000	24.000000	33.000000	38.000000	45.000000	49.000000	50.000000	
4.000000	14.000000	18.000000	19.000000	22.000000	24.000000	33.000000	38.000000	45.000000	49.000000	50.000000	
4.000000	14.000000	18.000000	19.000000	22.000000	38.000000	45.000000	49.000000	50.000000	
4.000000	14.000000	18.000000	22.000000	23.000000	38.000000	45.000000	46.000000	49.000000	50.000000	
4.000000	14.000000	18.000000	22.000000	23.000000	45.000000	46.000000	49.000000	50.000000	
4.000000	14.000000	18.000000	22.000000	23.000000	45.000000	46.000000	49.000000	50.000000	
4.000000	14.000000	18.000000	22.000000	23.000000	45.000000	46.000000	49.000000	50.000000	
4.000000	14.000000	17.000000	18.000000	22.000000	23.000000	45.000000	46.000000	50.000000	
4.000000	14.000000	17.000000	18.000000	22.000000	23.000000	45.000000	46.000000	50.000000	
4.000000	14.000000	18.000000	22.000000	23.000000	45.000000	49.000000	50.000000	
4.000000	14.000000	18.000000	22.000000	45.000000	49.000000	50.000000	
4.000000	14.000000	18.000000	19.000000	22.000000	45.000000	49.000000	50.000000	
4.000000	14.000000	18.000000	19.000000	22.000000	24.000000	33.000000	38.000000	45.000000	49.000000	50.000000	
4.000000	14.000000	18.000000	19.000000	22.000000	24.000000	33.000000	38.000000	45.000000	49.000000	50.000000	
14.000000	16.000000	18.000000	19.000000	22.000000	24.000000	33.000000	38.000000	45.000000	49.000000	50.000000	
14.000000	16.000000	18.000000	19.000000	22.000000	24.000000	33.000000	38.000000	45.000000	49.000000	50.000000	
14.000000	16.000000	18.000000	19.000000	22.000000	24.000000	33.000000	38.000000	45.000000	49.000000	50.000000	
14.000000	16.000000	18.000000	19.000000	22.000000	24.000000	33.000000	38.000000	49.000000	50.000000	
14.000000	16.000000	18.000000	19.000000	22.000000	24.000000	33.000000	38.000000	49.000000	
14.000000	16.000000	18.000000	19.000000	22.000000	24.000000	33.000000	38.000000	49.000000	
14.000000	16.000000	18.000000	19.000000	22.000000	24.000000	33.000000	38.000000	
14.000000	16.000000	18.000000	19.000000	22.000000	24.000000	33.000000	38.000000	
14.000000	16.000000	18.000000	19.000000	22.000000	24.000000	33.000000	
16.000000	18.000000	19.000000	22.000000	24.000000	33.000000	
16.000000	18.000000	19.000000	24.000000	33.000000	38.000000	
14.000000	16.000000	18.000000	19.000000	22.000000	24.000000	33.000000	38.000000	
14.000000	16.000000	18.000000	19.000000	22.000000	24.000000	33.000000	38.000000	49.000000	
14.000000	16.000000	18.000000	19.000000	22.000000	24.000000	33.000000	38.000000	49.000000	
14.000000	16.000000	18.000000	19.000000	22.000000	24.000000	33.000000	38.000000	49.000000	50.000000	
14.000000	16.000000	18.000000	19.000000	22.000000	24.000000	33.000000	38.000000	49.000000	50.000000	
14.000000	16.000000	18.000000	19.000000	22.000000	24.000000	33.000000	38.000000	49.000000	50.000000	
14.000000	16.000000	18.000000	19.000000	22.000000	24.000000	33.000000	38.000000	45.000000	49.000000	50.000000	
14.000000	16.000000	18.000000	19.000000	22.000000	24.000000	33.000000	38.000000	45.000000	49.000000	50.000000	
14.000000	18.000000	19.000000	22.000000	24.000000	33.000000	38.000000	45.000000	49.000000	50.000000	
4.000000	14.000000	18.000000	19.000000	22.000000	24.000000	33.000000	38.000000	45.000000	49.000000	50.000000	
4.000000	14.000000	18.000000	19.000000	22.000000	24.000000	33.000000	38.000000	45.000000	49.000000	50.000000	
4.000000	14.000000	18.000000	19.000000	22.000000	38.000000	45.000000	49.000000	50.000000	
4.000000	14.000000	18.000000	22.000000	23.000000	38.000000	45.000000	46.000000	49.000000	50.000000	
4.000000	14.000000	18.000000	22.000000	23.000000	45.000000	46.000000	49.000000	50.000000	
4.000000	14.000000	18.000000	22.000000	23.000000	45.000000	46.000000	49.000000	50.000000	
4.000000	14.000000	18.000000	22.000000	23.000000	45.000000	46.000000	49.000000	50.000000	
4.000000	14.000000	17.000000	18.000000	22.000000	23.000000	45.000000	46.000000	50.000000	
4.000000	14.000000	17.000000	18.000000	22.000000	23.000000	45.000000	46.000000	50.000000	
4.000000	14.000000	18.000000	22.000000	23.000000	45.000000	49.000000	50.000000	
4.000000	14.000000	18.000000	22.000000	45.000000	49.000000	50.000000	
4.000000	14.000000	18.000000	19.000000	22.000000	45.000000	49.000000	50.000000	
4.000000	14.000000	18.000000	19.000000	22.000000	24.000000	45.000000	49.000000	50.000000	
4.000000	14.000000	18.000000	19.000000	22.000000	24.000000	33.000000	38.000000	45.000000	49.000000	50.000000	
14.000000	18.000000	19.000000	22.000000	24.000000	33.000000	38.000000	45.000000	49.000000	50.000000	
14.000000	16.000000	18.000000	19.000000	22.000000	24.000000	33.000000	38.000000	45.000000	49.000000	50.000000	
14.000000	16.000000	18.000000	19.000000	22.000000	24.000000	33.000000	38.000000	45.000000	49.000000	50.000000	
14.000000	16.000000	18.000000	19.000000	22.000000	24.000000	33.000000	38.000000	49.000000	50.000000	
14.000000	16.000000	18.000000	19.000000	22.000000	24.000000	33.000000	38.000000	49.000000	
14.000000	16.000000	18.000000	19.000000	22.000000	24.000000	33.000000	38.000000	
14.000000	16.000000	18.000000	19.000000	22.000000	24.000000	33.000000	38.000000	
14.000000	16.000000	18.000000	19.000000	22.000000	24.000000	33.000000	38.000000	
14.000000	16.000000	18.000000	19.000000	22.000000	24.000000	33.000000	
16.000000	18.000000	19.000000	24.000000	33.000000	
16.000000	18.000000	19.000000	24.000000	33.000000	
16.000000	19.000000	24.000000	33.000000	38.000000	
16.000000	18.000000	19.000000	24.000000	33.000000	38.000000	
14.000000	16.000000	18.000000	19.000000	22.000000	24.000000	33.000000	38.000000	
14.000000	16.000000	18.000000	19.000000	22.000000	24.000000	33.000000	38.000000	49.000000	
14.000000	16.000000	18.000000	19.000000	22.000000	24.000000	33.000000	38.000000	49.000000	
14.000000	16.000000	18.000000	19.000000	22.000000	24.000000	33.000000	38.000000	49.000000	50.000000	
14.000000	16.000000	18.000000	19.000000	22.000000	24.000000	33.000000	38.000000	49.000000	50.000000	
14.000000	16.000000	18.000000	19.000000	22.000000	24.000000	33.000000	38.000000	49.000000	50.000000	
14.000000	16.000000	18.000000	19.000000	22.000000	24.000000	33.000000	38.000000	45.000000	49.000000	50.000000	
14.000000	16.000000	18.000000	19.000000	22.000000	24.000000	33.000000	38.000000	45.000000	49.000000	50.000000	
14.000000	18.000000	19.000000	22.000000	24.000000	33.000000	38.000000	45.000000	49.000000	50.000000	
4.000000	14.000000	18.000000	19.000000	22.000000	24.000000	33.000000	38.000000	45.000000	49.000000	50.000000	
4.000000	14.000000	18.000000	19.000000	22.000000	24.000000	33.000000	38.000000	45.000000	49.000000	50.000000	
4.000000	14.000000	18.000000	22.000000	38.000000	45.000000	49.000000	50.000000	
4.000000	14.000000	18.000000	22.000000	23.000000	38.000000	45.000000	46.000000	49.000000	50.000000	
4.000000	14.000000	18.000000	22.000000	23.000000	45.000000	46.000000	49.000000	50.000000	
4.000000	14.000000	18.000000	22.000000	23.000000	45.000000	46.000000	49.000000	50.000000	
4.000000	14.000000	18.000000	22.000000	23.000000	45.000000	46.000000	49.000000	50.000000	
4.000000	14.000000	18.000000	22.000000	23.000000	45.000000	46.000000	49.000000	50.000000	
4.000000	14.000000	18.000000	22.000000	23.000000	38.000000	45.000000	46.000000	49.000000	50.000000	
4.000000	14.000000	18.000000	22.000000	23.000000	38.000000	45.000000	46.000000	49.000000	50.000000	
4.000000	14.000000	18.000000	22.000000	23.000000	38.000000	45.000000	46.000000	49.000000	50.000000	
4.000000	14.000000	18.000000	19.000000	22.000000	38.000000	45.000000	46.000000	49.000000	50.000000	
4.000000	14.000000	18.000000	19.000000	22.000000	24.000000	33.000000	38.000000	45.000000	49.000000	50.000000	
4.000000	14.000000	18.000000	19.000000	22.000000	24.000000	33.000000	38.000000	45.000000	49.000000	50.000000	
14.000000	18.000000	19.000000	22.000000	24.000000	33.000000	38.000000	45.000000	49.000000	50.000000	
14.000000	16.000000	18.000000	19.000000	22.000000	24.000000	33.000000	38.000000	45.000000	49.000000	50.000000	
14.000000	16.000000	18.000000	19.000000	22.000000	24.000000	33.000000	38.000000	45.000000	49.000000	50.000000	
14.000000	16.000000	18.000000	19.000000	22.000000	24.000000	33.000000	38.000000	49.000000	50.000000	
14.000000	16.000000	18.000000	19.000000	22.000000	24.000000	33.000000	38.000000	49.000000	50.000000	
14.000000	16.000000	18.000000	19.000000	22.000000	24.000000	33.000000	38.000000	49.000000	
14.000000	16.000000	18.000000	19.000000	22.000000	24.000000	33.000000	38.000000	49.000000	
14.000000	16.000000	18.000000	19.000000	22.000000	24.000000	33.000000	38.000000	49.000000	
14.000000	16.000000	18.000000	19.000000	22.000000	24.000000	33.000000	38.000000	
16.000000	18.000000	19.000000	22.000000	24.000000	33.000000	
16.000000	18.000000	19.000000	24.000000	33.000000	
16.000000	18.000000	19.000000	22.000000	24.000000	33.000000	
14.000000	16.000000	18.000000	19.000000	22.000000	24.000000	33.000000	
14.000000	16.000000	18.000000	19.000000	22.000000	24.000000	33.000000	
14.000000	16.000000	18.000000	19.000000	22.000000	24.000000	33.000000	38.000000	
14.000000	16.000000	18.000000	19.000000	22.000000	24.000000	33.000000	38.000000	
14.000000	16.000000	18.000000	19.000000	22.000000	24.000000	33.000000	38.000000	49.000000	
14.000000	16.000000	18.000000	19.000000	22.000000	24.000000	33.000000	38.000000	49.000000	50.000000	
14.000000	16.000000	18.000000	19.000000	22.000000	24.000000	33.000000	38.000000	45.000000	49.000000	50.000000	
14.000000	16.000000	18.000000	19.000000	22.000000	24.000000	33.000000	38.000000	45.000000	49.000000	50.000000	
14.000000	18.000000	19.000000	22.000000	24.000000	33.000000	38.000000	45.000000	49.000000	50.000000	
4.000000	14.000000	18.000000	19.000000	22.000000	24.000000	33.000000	38.000000	45.000000	49.000000	50.000000	
4.000000	14.000000	18.000000	19.000000	22.000000	24.000000	38.000000	45.000000	49.000000	50.000000	
4.000000	14.000000	18.000000	19.000000	22.000000	38.000000	45.000000	49.000000	50.000000	
4.000000	14.000000	18.000000	22.000000	23.000000	45.000000	49.000000	50.000000	
4.000000	14.000000	18.000000	22.000000	23.000000	45.000000	46.000000	49.000000	50.000000	
4.000000	14.000000	18.000000	22.000000	23.000000	45.000000	46.000000	49.000000	50.000000	
4.000000	14.000000	18.000000	22.000000	23.000000	45.000000	46.000000	49.000000	50.000000	
4.000000	14.000000	17.000000	18.000000	22.000000	23.000000	45.000000	46.000000	50.000000	
4.000000	14.000000	17.000000	18.000000	22.000000	23.000000	45.000000	50.000000	
4.000000	14.000000	17.000000	18.000000	22.000000	23.000000	45.000000	50.000000	
4.000000	14.000000	18.000000	22.000000	45.000000	49.000000	50.000000	
4.000000	14.000000	18.000000	19.000000	22.000000	45.000000	49.000000	50.000000	
4.000000	14.000000	18.000000	19.000000	22.000000	24.000000	45.000000	49.000000	50.000000	
4.000000	14.000000	18.000000	19.000000	22.000000	24.000000	45.000000	49.000000	50.000000	
14.000000	18.000000	19.000000	22.000000	24.000000	33.000000	38.000000	45.000000	49.000000	50.000000	
14.000000	16.000000	18.000000	19.000000	22.000000	24.000000	33.000000	38.000000	45.000000	49.000000	50.000000	
14.000000	16.000000	18.000000	19.000000	22.000000	24.000000	33.000000	38.000000	45.000000	49.000000	50.000000	
14.000000	16.000000	18.000000	19.000000	22.000000	24.000000	33.000000	38.000000	45.000000	49.000000	50.000000	
14.000000	16.000000	18.000000	19.000000	22.000000	24.000000	33.000000	38.000000	49.000000	50.000000	
14.000000	16.000000	18.000000	19.000000	22.000000	24.000000	33.000000	38.000000	49.000000	
14.000000	16.000000	18.000000	19.000000	22.000000	24.000000	33.000000	38.000000	
14.000000	16.000000	18.000000	19.000000	22.000000	24.000000	33.000000	38.000000	
14.000000	16.000000	18.000000	19.000000	22.000000	24.000000	33.000000	38.000000	
14.000000	16.000000	18.000000	19.000000	22.000000	24.000000	33.000000	
16.000000	18.000000	19.000000	24.000000	33.000000	
16.000000	19.000000	24.000000	33.000000	
16.000000	19.000000	24.000000	33.000000	
16.000000	19.000000	24.000000	33.000000	38.000000	
14.000000	16.000000	18.000000	19.000000	22.000000	24.000000	33.000000	38.000000	
14.000000	16.000000	18.000000	19.000000	22.000000	24.000000	33.000000	38.000000	49.000000	
