3.567147	1.019422	
2.173410	-0.031788	3.883521	-0.408899	1.665690	0.429634	
3.941554	1.019102	0.985192	1.521433	1.910306	0.153725	2.927553	0.955098	1.542890	2.168915	
1.935972	2.750554	0.982174	1.378792	3.058596	1.908159	3.385981	0.377794	2.879534	2.859990	
3.693740	2.804233	2.478512	-0.390280	1.769221	2.582575	3.615123	2.190578	2.908329	-0.802841	1.442645	-0.011272	
3.048905	0.795494	0.857788	0.543183	3.375636	-3.063769	1.213618	-0.406559	1.077145	2.169227	3.942444	0.540919	
1.225728	0.706188	1.175927	3.064939	1.603964	-2.509671	2.255409	2.590279	1.921182	-0.230521	
1.063385	1.803033	2.118357	-2.961301	2.368666	-2.612153	3.330347	3.022302	0.913417	0.270308	
1.992954	2.827579	2.912358	-2.415234	2.673368	-2.141723	0.954976	2.233234	
3.833053	-2.848871	3.676723	-2.344409	3.044946	-2.074633	2.912287	3.117293	
3.814567	-1.865360	2.887149	-1.685139	3.958407	-2.573588	
3.342710	-1.634210	2.437684	-1.769429	
3.406897	-1.865213	3.806770	-0.681755	2.671098	-2.078301	3.551723	-1.319461	
3.201777	-0.661552	2.716623	-1.428940	3.805006	-0.376503	
3.892707	-0.458817	1.256669	0.349995	1.412811	-1.377825	2.881195	-0.394570	2.041364	0.701570	
3.675261	-1.487947	0.520743	-1.914671	2.348308	-2.583594	2.645901	-1.738585	0.773463	-0.156047	
2.701367	-1.411370	1.805776	-2.895647	3.466101	-2.444726	2.225286	-1.729866	1.413682	2.811884	
1.801679	-1.591176	3.417227	-2.780165	2.245213	-2.020772	3.851836	-0.651943	3.331980	-3.016419	
1.931330	-2.142110	2.888818	-2.314913	1.838993	-0.157855	
2.760927	-2.361748	3.621112	0.529544	3.703462	-2.287517	0.772765	1.981031	
1.768399	-0.627146	3.530900	-1.162214	1.823305	2.762159	
2.509869	-2.278241	3.221946	2.624320	
3.396550	-3.106262	3.555385	2.091196	
3.522047	1.914478	
3.134913	1.657751	
3.428799	1.134912	3.687619	2.158932	
2.830659	1.642177	3.895134	0.609902	3.133648	1.303532	3.544768	0.380410	
2.002321	1.557073	1.897757	-0.287135	3.191583	0.379896	1.670524	1.124480	1.796777	-0.802676	
2.248624	2.097972	1.215416	-2.014207	1.198544	-0.170978	1.245811	2.227421	2.194136	-2.313832	
3.959594	2.697216	2.528357	-2.501200	3.654457	0.756775	0.869700	2.890533	3.095551	2.873592	3.722114	0.556227	2.764179	1.078220	3.476080	-2.493854	
2.440787	0.878190	2.329168	2.946605	2.327077	0.583483	2.084411	1.426262	
2.802892	2.133496	2.145246	1.834796	3.367423	2.558223	
3.033605	2.084818	2.068382	2.062183	
3.271063	1.214823	3.099943	1.925188	2.395420	2.147261	2.461940	0.809120	
1.593138	0.942871	2.866262	1.884663	2.847318	2.196613	0.594348	0.018825	
1.884610	2.303946	1.545306	3.147883	
2.559124	2.339436	3.140548	2.756459	
3.937664	2.572631	3.361429	-0.082723	
3.719938	-0.871852	2.493192	-1.491996	
3.764403	-0.234717	3.774740	1.187496	3.435713	-1.114981	
2.549061	-1.252999	2.537273	0.026400	2.341473	-0.849401	2.634946	1.239876	
3.912624	-2.487911	3.591634	-1.668891	2.637188	1.033441	1.634969	-1.587054	3.206578	-2.278759	3.224028	0.751785	1.436120	1.335659	
3.019828	1.031691	0.767455	0.803245	3.340824	-2.731232	1.175302	-0.205772	1.076828	2.486982	3.878959	0.700431	
1.219719	0.688177	1.192199	-3.139666	1.680673	-2.462088	2.322298	2.642926	1.887540	-0.237454	
1.464211	2.213799	2.570020	-2.970683	2.684436	-2.607617	3.791376	3.129379	0.533878	0.881519	
3.253663	3.046314	3.958795	-2.645805	3.634615	-2.308917	1.984360	2.885854	
3.466827	2.629565	

3.984544	1.763954	
3.949660	1.111068	3.278521	1.461463	
2.252073	0.791994	2.257411	1.432547	
1.899537	1.634233	3.913049	1.313958	2.692517	2.182053	
1.912083	2.138306	2.771098	1.195656	3.729422	1.305294	2.596352	0.685500	3.309043	2.243117	
3.317560	2.609390	2.622319	1.907539	3.289384	0.326862	3.590362	1.707021	1.326152	1.485172	
3.725933	-1.567657	3.352724	-0.626577	2.901409	2.087275	1.443452	-0.461489	2.988641	-1.362403	3.370239	1.772197	1.700878	2.427236	
3.125576	-1.762958	3.353758	2.124252	1.736925	-2.356497	3.972631	-2.299928	3.363348	1.748378	2.822833	2.531870	
2.543984	-1.640356	2.587441	-2.408061	3.049530	-1.294308	
1.911275	-1.709501	3.375416	-2.226546	1.644820	-1.255135	
2.032337	-2.003755	3.818451	-1.631324	1.059590	-1.847450	
3.237310	-1.010057	2.386063	-2.205886	2.866210	-1.189944	1.695647	-2.524651	
1.909671	-1.228415	3.371342	-2.383983	2.273897	-1.573920	3.975389	-0.245777	3.235978	-2.693423	
2.476154	-2.319249	3.271538	-2.338916	2.251683	-0.686597	
3.838766	-2.673522	1.406664	-1.674125	
3.063670	-1.241502	2.629772	-2.632923	
1.896773	-1.228999	3.819344	-2.511265	
1.679265	-1.968345	2.858905	-1.036167	
2.305608	-2.476464	1.229189	-1.046401	
2.758285	-2.166344	0.485771	-2.226323	
3.093375	-2.158328	1.944686	-2.935778	
3.622118	0.125489	3.601958	-2.078602	3.650785	-2.771282	2.730328	-0.909740	
2.384230	-1.216056	3.080768	-0.054805	2.553797	-0.827316	3.084901	0.950429	3.705840	-2.287105	
3.751201	-2.443161	3.987076	-1.624050	2.723916	0.546764	2.056012	-1.393780	3.183078	-2.276590	3.437536	0.402548	1.314831	0.692258	
3.159218	1.263595	0.931616	0.893547	3.112212	-2.470354	1.450081	0.139846	0.875975	2.607638	3.868729	0.933515	
3.170873	1.933141	1.651712	2.636983	0.643288	2.817848	2.870854	2.953372	3.384695	1.515549	
3.025520	1.863319	2.880767	2.577381	2.288513	2.844963	2.345345	1.355134	
2.655747	1.676129	3.897703	2.301802	3.711732	2.636290	1.324733	1.655237	
2.169335	1.793428	1.508429	2.494593	
1.933467	1.983099	2.674705	2.509205	
2.801560	2.365113	3.635399	1.438755	
3.523765	-1.428519	3.806951	1.941320	
3.219476	0.856058	3.809681	-1.499271	3.850945	1.114413	2.451617	-0.276380	
2.837800	1.621153	3.616555	-1.738750	3.804826	1.770050	0.632200	-0.214105	
2.314528	1.661779	3.229682	1.561143	1.728748	-2.771610	
2.784223	2.238702	3.482433	1.981677	3.733144	-3.071157	
3.655937	2.228566	3.849289	1.394917	3.696715	1.961594	3.307430	1.145941	
3.875952	1.974259	2.490830	1.044887	3.509867	1.699712	1.642671	0.812741	
1.752226	1.641693	3.613795	1.487157	3.829533	2.052787	0.984576	2.219832	
1.610722	2.144845	2.225106	1.196737	3.579418	1.795000	2.063045	2.644359	
3.092638	2.641643	3.818342	0.483951	2.042179	1.961131	3.693710	0.205283	3.411184	0.893479	3.908371	2.891780	
1.830004	0.068785	2.818349	2.366494	1.748830	-0.532587	1.756679	0.949323	
3.503162	1.224729	1.384782	1.574503	3.945517	3.054458	0.819339	0.840661	2.220017	2.336869	3.880629	0.867600	
1.901110	0.831634	1.476501	2.363843	1.216410	3.131472	2.799850	2.319092	1.949249	0.211259	
2.288997	2.311509	3.330624	3.022721	3.180335	-3.005317	1.005526	1.871895	
2.892269	2.173329	1.752759	2.629947	
3.257443	2.092862	2.984940	2.511855	
3.284631	1.920827	3.944960	-1.656638	3.920700	2.258193	
3.563204	0.972601	3.100068	-1.455477	
2.984895	1.571871	3.533906	-2.070202	
3.586329	0.937685	2.019305	1.486756	
1.804730	0.569922	1.713922	1.863834	
